  0.000000000000000E+000 -0.255168857458939      -1.913189002110058E-007
  7.812500000000000E-003 -0.255501802256537      -8.256705319689985E-004
  1.562500000000000E-002 -0.256675711177402      -1.376576343741102E-003
  2.343750000000000E-002 -0.260339951130858      -2.330747377086127E-003
  3.125000000000000E-002 -0.269017465964280      -8.087852570292157E-003
  3.906250000000000E-002 -0.265731182924246      -2.224792025778187E-002
  4.687500000000000E-002 -0.257420480632461      -2.829812285982322E-002
  5.468750000000000E-002 -0.246902864958770      -3.267149046647865E-002
  6.250000000000000E-002 -0.247467397441306      -3.527888809209045E-002
  7.031250000000000E-002 -0.219890024309898      -2.942157070425278E-002
  7.812500000000000E-002 -0.227703358857111      -1.638595411674958E-002
  8.593750000000000E-002 -0.233145107917750      -1.409498789454521E-002
  9.375000000000000E-002 -0.236471619292814      -1.568878314697275E-002
  0.101562500000000      -0.235198454155829      -1.663659945395662E-002
  0.109375000000000      -0.234872314593318      -1.587101350205739E-002
  0.117187500000000      -0.234454446519088      -1.547067256852608E-002
  0.125000000000000      -0.234202328952262      -1.375250014116533E-002
  0.132812500000000      -0.235704337186571      -1.171122291081730E-002
  0.140625000000000      -0.237940067589539      -1.034254497290160E-002
  0.148437500000000      -0.241085916014956      -1.054005026882823E-002
  0.156250000000000      -0.243392076026327      -1.128267760074662E-002
  0.164062500000000      -0.245588426970597      -1.269651764229737E-002
  0.171875000000000      -0.247080170306702      -1.396130737395060E-002
  0.179687500000000      -0.248935672667762      -1.532098498688683E-002
  0.187500000000000      -0.250217409305240      -1.700194338116625E-002
  0.195312500000000      -0.251544797699286      -1.840968104684648E-002
  0.203125000000000      -0.252779730979797      -2.038992137123106E-002
  0.210937500000000      -0.253543883449938      -2.207603020400989E-002
  0.218750000000000      -0.254523836255305      -2.354085866556381E-002
  0.226562500000000      -0.255358847108741      -2.519915632207901E-002
  0.234375000000000      -0.256193379019116      -2.665472106541499E-002
  0.242187500000000      -0.257115439950021      -2.864054560502387E-002
  0.250000000000000      -0.257178533084119      -3.054403682721407E-002
  0.257812500000000      -0.256039962308137      -3.137600491882295E-002
  0.265625000000000      -0.257450465948143      -3.036114903968330E-002
  0.273437500000000      -0.259196026226543      -3.050399901261107E-002
  0.281250000000000      -0.261636862194262      -3.025465693742218E-002
  0.289062500000000      -0.264810767539782      -3.172306615898154E-002
  0.296875000000000      -0.267467530073076      -3.325042740909519E-002
  0.304687500000000      -0.270091567021551      -3.464072689312896E-002
  0.312500000000000      -0.273962606263311      -3.612470441019705E-002
  0.320312500000000      -0.278100245906064      -3.881873870711183E-002
  0.328125000000000      -0.282233638892557      -4.284197511110632E-002
  0.335937500000000      -0.284251549972311      -4.744533878855769E-002
  0.343750000000000      -0.286666537803222      -5.088371866402291E-002
  0.351562500000000      -0.289386391533424      -5.449530775822523E-002
  0.359375000000000      -0.292307936712444      -5.739265412482612E-002
  0.367187500000000      -0.297538603933304      -6.095246084805868E-002
  0.375000000000000      -0.304195165940105      -6.649811206672458E-002
  0.382812500000000      -0.312184812080005      -7.648738569710946E-002
  0.390625000000000      -0.311994504980063      -8.997473287552131E-002
  0.398437500000000      -0.312654548285517      -9.925997314545378E-002
  0.406250000000000      -0.314244526407700      -0.110431242733949     
  0.414062500000000      -0.313507596454217      -0.126425579730153     
  0.421875000000000      -0.305919281225264      -0.137924368496863     
  0.429687500000000      -0.300288656690372      -0.148676185511951     
  0.437500000000000      -0.293574669121026      -0.160783763293840     
  0.445312500000000      -0.281873562019923      -0.175101369607130     
  0.453125000000000      -0.266011429453511      -0.181140642525122     
  0.460937500000000      -0.252143467505798      -0.185026446481470     
  0.468750000000000      -0.238456367557548      -0.187589711069082     
  0.476562500000000      -0.223633628606070      -0.189030790645387     
  0.484375000000000      -0.208171265332067      -0.184754513486216     
  0.492187500000000      -0.196210143071896      -0.178871433327290     
  0.500000000000000      -0.185362292183405      -0.172038738532865     
  0.507812500000000      -0.174872537835692      -0.162912465970510     
  0.515625000000000      -0.169738979247747      -0.148495894122497     
  0.523437500000000      -0.169876960307164      -0.138696261777461     
  0.531250000000000      -0.170539225679719      -0.131059795784365     
  0.539062500000000      -0.171619723570980      -0.124428972221705     
  0.546875000000000      -0.173648121511396      -0.118029948142151     
  0.554687500000000      -0.177018038988794      -0.114084303998522     
  0.562500000000000      -0.179445353003397      -0.111201379407118     
  0.570312500000000      -0.181433771091846      -0.108576447159695     
  0.578125000000000      -0.183304085400384      -0.105746192524493     
  0.585937500000000      -0.186651592265692      -0.101973886203370     
  0.593750000000000      -0.191171321237577      -0.101092838357886     
  0.601562500000000      -0.194757459729731      -0.101106365100871     
  0.609375000000000      -0.197987258468311      -0.101474488270924     
  0.617187500000000      -0.201401567464807      -0.102127376805948     
  0.625000000000000      -0.206187653132645      -0.104959194904113     
  0.632812500000000      -0.207014388534788      -0.109798299526138     
  0.640625000000000      -0.206051808145852      -0.113550002510902     
  0.648437500000000      -0.203685993171135      -0.116215705146001     
  0.656250000000000      -0.199995900711582      -0.117089940092823     
  0.664062500000000      -0.195298147754561      -0.113679900681346     
  0.671875000000000      -0.198837422413554      -0.108660592592135     
  0.679687500000000      -0.202477094716435      -0.107714469193828     
  0.687500000000000      -0.205981483649736      -0.108192388357969     
  0.695312500000000      -0.209378851089313      -0.110125089608271     
  0.703125000000000      -0.211608564585165      -0.114318269858719     
  0.710937500000000      -0.208771887158995      -0.117479217761580     
  0.718750000000000      -0.208008423652491      -0.117178640768939     
  0.726562500000000      -0.208147051068035      -0.116948771673134     
  0.734375000000000      -0.208788356523097      -0.116633620876202     
  0.742187500000000      -0.210009671709257      -0.116171795935836     
  0.750000000000000      -0.212363574587189      -0.115497457573634     
  0.757812500000000      -0.216668576810829      -0.117801471254801     
  0.765625000000000      -0.218036672323804      -0.121256419497208     
  0.773437500000000      -0.218354422733192      -0.124384533176082     
  0.781250000000000      -0.217807387428471      -0.127219317356914     
  0.789062500000000      -0.216251730427715      -0.129598489121581     
  0.796875000000000      -0.213155360703517      -0.130961542020164     
  0.804687500000000      -0.209757882841336      -0.127340590411350     
  0.812500000000000      -0.210656072790556      -0.123806354520156     
  0.820312500000000      -0.212428492169531      -0.120662408168905     
  0.828125000000000      -0.215148141832696      -0.117185090700322     
  0.835937500000000      -0.219498338655575      -0.113025927713299     
  0.843750000000000      -0.227118381815689      -0.108319054788343     
  0.851562500000000      -0.242496375369013      -0.108501438010941     
  0.859375000000000      -0.249563478051697      -0.116353377821916     
  0.867187500000000      -0.254936130014542      -0.121621270086824     
  0.875000000000000      -0.260474521330144      -0.126253532686725     
  0.882812500000000      -0.266751259953441      -0.131082177440051     
  0.890625000000000      -0.274151029658657      -0.137018725091448     
  0.898437500000000      -0.282950894795860      -0.145900327377454     
  0.906250000000000      -0.286931279182364      -0.162989061624869     
  0.914062500000000      -0.283287962225410      -0.173604899270618     
  0.921875000000000      -0.280245772594078      -0.180827540650096     
  0.929687500000000      -0.278009061940557      -0.186207349956873     
  0.937500000000000      -0.276732544399469      -0.190356491698928     
  0.945312500000000      -0.276624943702543      -0.193572596163304     
  0.953125000000000      -0.278188964437328      -0.195962806289344     
  0.960937500000000      -0.283713344711883      -0.198908034452472     
  0.968750000000000      -0.289160037381208      -0.205746308203332     
  0.976562500000000      -0.294247332948467      -0.213627122792883     
  0.984375000000000      -0.299437431169188      -0.222679255926489     
  0.992187500000000      -0.304807533744611      -0.233233354161479     
   1.00000000000000      -0.310240553565758      -0.245797219929504     
   1.00781250000000      -0.315316704513703      -0.261165471237846     
   1.01562500000000      -0.318590375169047      -0.281172254616485     
   1.02343750000000      -0.313758351117610      -0.300434688948303     
   1.03125000000000      -0.309504024273084      -0.317371206018918     
   1.03906250000000      -0.304781860490171      -0.334900222983200     
   1.04687500000000      -0.298831864303963      -0.353685401169863     
   1.05468750000000      -0.290724365043412      -0.374136902074686     
   1.06250000000000      -0.279031647592100      -0.396477453029884     
   1.07031250000000      -0.261137576570779      -0.420484678841171     
   1.07812500000000      -0.228366826664947      -0.441054095838688     
   1.08593750000000      -0.199964769708110      -0.442092109379809     
   1.09375000000000      -0.177655792771597      -0.442102369637082     
   1.10156250000000      -0.157959384387503      -0.441243903580744     
   1.10937500000000      -0.139930969472519      -0.439602384423596     
   1.11718750000000      -0.123148843015177      -0.437203688756271     
   1.12500000000000      -0.107411127049566      -0.434042719274591     
   1.13281250000000      -9.263845090106101E-002 -0.430086177965530     
   1.14062500000000      -7.883121986513847E-002 -0.425159621864405     
   1.14843750000000      -6.720466681500553E-002 -0.419451234802527     
   1.15625000000000      -5.687689996836557E-002 -0.414514901828598     
   1.16406250000000      -4.714947449819056E-002 -0.410072639623407     
   1.17187500000000      -3.774544983810556E-002 -0.405915248888353     
   1.17968750000000      -2.853167197583748E-002 -0.401832684255877     
   1.18750000000000      -1.949580255914293E-002 -0.397602349262031     
   1.19531250000000      -1.078945485107772E-002 -0.392983604540138     
   1.20312500000000      -2.933774349847066E-003 -0.387712843026266     
   1.21093750000000       1.854433793279426E-003 -0.383364421195128     
   1.21875000000000       8.348259859354664E-003 -0.382241928174466     
   1.22656250000000       1.642081860096517E-002 -0.381186250409931     
   1.23437500000000       2.569660169515904E-002 -0.379844713381519     
   1.24218750000000       3.607054226023786E-002 -0.377894623382841     
   1.25000000000000       4.747409521127526E-002 -0.374971545872152     
   1.25781250000000       5.980962799472678E-002 -0.370621886932773     
   1.26562500000000       7.289830017646241E-002 -0.364220984727921     
   1.27343750000000       8.640589911936637E-002 -0.354673734532657     
   1.28125000000000       9.624863956112246E-002 -0.338476645702394     
   1.28906250000000       9.906269744289919E-002 -0.326168044242029     
   1.29687500000000       0.101548327184178      -0.316319757381895     
   1.30468750000000       0.103859160019972      -0.307681189704240     
   1.31250000000000       0.106005946453352      -0.299825473705433     
   1.32031250000000       0.107955050787667      -0.292591050286886     
   1.32812500000000       0.109679565244107      -0.286020435047839     
   1.33593750000000       0.111341475048660      -0.280461071656523     
   1.34375000000000       0.114335468392533      -0.276506184324248     
   1.35156250000000       0.121910074531318      -0.268828766869552     
   1.35937500000000       0.121001999409840      -0.259365064276057     
   1.36718750000000       0.121299915255542      -0.253660265129335     
   1.37500000000000       0.122392616078082      -0.248615761469130     
   1.38281250000000       0.124026661732521      -0.243776872698229     
   1.39062500000000       0.126075158593829      -0.238926167604236     
   1.39843750000000       0.128448983639969      -0.233905892804094     
   1.40625000000000       0.131062309225567      -0.228567704199592     
   1.41406250000000       0.133806270599658      -0.222743743576752     
   1.42187500000000       0.136508153516994      -0.216197159713120     
   1.42968750000000       0.138736094713910      -0.208206469320184     
   1.43750000000000       0.137805592936146      -0.201035447530907     
   1.44531250000000       0.137465312621354      -0.195405970287359     
   1.45312500000000       0.137493881877213      -0.190203732638925     
   1.46093750000000       0.137824374891723      -0.185166816615495     
   1.46875000000000       0.138421588341603      -0.180120406973572     
   1.47656250000000       0.139243885453138      -0.174893937983403     
   1.48437500000000       0.140202529926658      -0.169289575696373     
   1.49218750000000       0.141094455203742      -0.163079335219522     
   1.50000000000000       0.141487969740220      -0.156058047845890     
   1.50781250000000       0.140491850020054      -0.148234426577881     
   1.51562500000000       0.136815704985087      -0.142158853667233     
   1.52343750000000       0.134655455487877      -0.137869539357135     
   1.53125000000000       0.133052630879535      -0.133568134715485     
   1.53906250000000       0.131660273845620      -0.129195560988776     
   1.54687500000000       0.130322023739339      -0.124728198573031     
   1.55468750000000       0.128932440762717      -0.120156833214831     
   1.56250000000000       0.127402735647073      -0.115482254154794     
   1.57031250000000       0.125645650828719      -0.110714947814974     
   1.57812500000000       0.123562617084329      -0.105876708035463     
   1.58593750000000       0.121018640357012      -0.101004289109472     
   1.59375000000000       0.117729629624955      -9.615872852505769E-002
   1.60156250000000       0.113196078721986      -9.276345466298971E-002
   1.60937500000000       0.109881716846650      -9.037967378630662E-002
   1.61718750000000       0.106995126399610      -8.800160097766718E-002
   1.62500000000000       0.104294700558989      -8.562382010095276E-002
   1.63281250000000       0.101668437610694      -8.325310042105782E-002
   1.64062500000000       9.904438499823562E-002 -8.090381162733766E-002
   1.64843750000000       9.636855893130553E-002 -7.859722060783068E-002
   1.65625000000000       9.359639489521732E-002 -7.636195005528597E-002
   1.66406250000000       9.068772136983748E-002 -7.423534712787117E-002
   1.67187500000000       8.760030767075834E-002 -7.226669277628951E-002
   1.67968750000000       8.426969122416858E-002 -7.052705144166088E-002
   1.68750000000000       8.037928010621299E-002 -6.928519654073344E-002
   1.69531250000000       7.715716041380512E-002 -6.928933549241842E-002
   1.70312500000000       7.453950419005205E-002 -6.925326534104723E-002
   1.71093750000000       7.222579900445138E-002 -6.921184235138997E-002
   1.71875000000000       7.012410346273583E-002 -6.917643748312180E-002
   1.72656250000000       6.818482779693645E-002 -6.915577689956415E-002
   1.73437500000000       6.637545073655944E-002 -6.915911327550150E-002
   1.74218750000000       6.467212104557661E-002 -6.919814590122653E-002
   1.75000000000000       6.305608113763192E-002 -6.928935877924740E-002
   1.75781250000000       6.151210248089949E-002 -6.945812026587668E-002
   1.76562500000000       6.002834179136592E-002 -6.974799780292308E-002
   1.77343750000000       5.859918299199150E-002 -7.025040613878536E-002
   1.78125000000000       5.727927648767331E-002 -7.138866978886960E-002
   1.78906250000000       5.735953666084111E-002 -7.232147629402032E-002
   1.79687500000000       5.742370191567107E-002 -7.268374950987991E-002
   1.80468750000000       5.752375543206010E-002 -7.280731253360979E-002
   1.81250000000000       5.766234348220506E-002 -7.275704903421944E-002
   1.82031250000000       5.783538217854507E-002 -7.256036654726666E-002
   1.82812500000000       5.803574282722232E-002 -7.223112695544871E-002
   1.83593750000000       5.825391868676472E-002 -7.177698410990706E-002
   1.84375000000000       5.847784257555268E-002 -7.120267596014615E-002
   1.85156250000000       5.869215941678164E-002 -7.051211900355583E-002
   1.85937500000000       5.887666861364793E-002 -6.971048052775361E-002
   1.86718750000000       5.900256295523302E-002 -6.880760845470382E-002
   1.87500000000000       5.901896266426764E-002 -6.782827680189722E-002
   1.88281250000000       5.883987819227002E-002 -6.700168057141156E-002
   1.89062500000000       5.894779210162591E-002 -6.627113393074069E-002
   1.89843750000000       5.914345497289539E-002 -6.539979470769296E-002
   1.90625000000000       5.937447602828427E-002 -6.440924206565048E-002
   1.91406250000000       5.962065811296280E-002 -6.330400611698529E-002
   1.92187500000000       5.986945087951736E-002 -6.208327166164673E-002
   1.92968750000000       6.011109094024387E-002 -6.074279041539166E-002
   1.93750000000000       6.033689198852361E-002 -5.927496735380510E-002
   1.94531250000000       6.053842480761799E-002 -5.766791467773196E-002
   1.95312500000000       6.070696024909739E-002 -5.590313333679978E-002
   1.96093750000000       6.083282953016938E-002 -5.395032746523931E-002
   1.96875000000000       6.090409950716200E-002 -5.175432842967026E-002
   1.97656250000000       6.090185489720013E-002 -4.919105703292687E-002
   1.98437500000000       6.070488589626667E-002 -4.561566322461319E-002
   1.99218750000000       5.834293113774260E-002 -4.243979463791852E-002
   2.00000000000000       5.602804814083474E-002 -4.015710045553880E-002
   2.00781250000000       5.365722247412343E-002 -3.826872533717907E-002
   2.01562500000000       5.121462300395829E-002 -3.669083209493687E-002
   2.02343750000000       4.870094856929782E-002 -3.540068669549471E-002
   2.03125000000000       4.612631490349713E-002 -3.439867248834746E-002
   2.03906250000000       4.350892135449664E-002 -3.369688612254676E-002
   2.04687500000000       4.087540093679107E-002 -3.331444504670712E-002
   2.05468750000000       3.826209332925368E-002 -3.327531248927730E-002
   2.06250000000000       3.571734933854213E-002 -3.360768947453492E-002
   2.07031250000000       3.330584781699921E-002 -3.434559602440423E-002
   2.07812500000000       3.111844834272606E-002 -3.553624265962808E-002
   2.08593750000000       2.930391183581496E-002 -3.727141791046053E-002
   2.09375000000000       2.846335881508726E-002 -4.003534319798197E-002
   2.10156250000000       2.951771342460083E-002 -4.115908961106967E-002
   2.10937500000000       3.000908624824754E-002 -4.150196310299812E-002
   2.11718750000000       3.028252953499887E-002 -4.155465408681720E-002
   2.12500000000000       3.041827695140652E-002 -4.143242336482831E-002
   2.13281250000000       3.045279991226759E-002 -4.118835991319286E-002
   2.14062500000000       3.040594768008362E-002 -4.085230121830785E-002
   2.14843750000000       3.028929465131623E-002 -4.044284757511363E-002
   2.15625000000000       3.010952019515002E-002 -3.997229637251545E-002
   2.16406250000000       2.986992473197310E-002 -3.944898948786990E-002
   2.17187500000000       2.957101711239942E-002 -3.887848732244419E-002
   2.17968750000000       2.921040176401001E-002 -3.826406120941789E-002
   2.18750000000000       2.878168706809486E-002 -3.760655255073547E-002
   2.19531250000000       2.827090423979527E-002 -3.690299239287603E-002
   2.20312500000000       2.764151512805077E-002 -3.613984927359710E-002
   2.21093750000000       2.665978132776699E-002 -3.540934460708432E-002
   2.21875000000000       2.573688494455006E-002 -3.506581678316037E-002
   2.22656250000000       2.492761185491025E-002 -3.476400253994465E-002
   2.23437500000000       2.417308447383073E-002 -3.447371503785246E-002
   2.24218750000000       2.345117521922400E-002 -3.418361379608362E-002
   2.25000000000000       2.274895207056705E-002 -3.388718636090533E-002
   2.25781250000000       2.205700138068582E-002 -3.357984397879582E-002
   2.26562500000000       2.136734783220195E-002 -3.325786591556393E-002
   2.27343750000000       2.067239804931138E-002 -3.291787343888517E-002
   2.28125000000000       1.996420083125330E-002 -3.255646606574904E-002
   2.28906250000000       1.923370504652807E-002 -3.216984924364680E-002
   2.29687500000000       1.846972002333713E-002 -3.175328756178750E-002
   2.30468750000000       1.765702245048631E-002 -3.130006020095288E-002
   2.31250000000000       1.677199342680614E-002 -3.079896069471023E-002
   2.32031250000000       1.576878113943287E-002 -3.022612033582232E-002
   2.32812500000000       1.447261252141536E-002 -2.947965156522894E-002
   2.33593750000000       1.262118220022041E-002 -2.942197396788882E-002
   2.34375000000000       1.115030354449357E-002 -2.966739943888754E-002
   2.35156250000000       9.833076406297450E-003 -3.001041999293975E-002
   2.35937500000000       8.621108737920758E-003 -3.042092285743131E-002
   2.36718750000000       7.492131232705809E-003 -3.088556266088119E-002
   2.37500000000000       6.433559426722976E-003 -3.139721684373221E-002
   2.38281250000000       5.437619793562731E-003 -3.195189242860089E-002
   2.39062500000000       4.499396174647684E-003 -3.254752079706261E-002
   2.39843750000000       3.615939374581691E-003 -3.318345113555391E-002
   2.40625000000000       2.785877477373651E-003 -3.386029263400833E-002
   2.41406250000000       2.009345657344563E-003 -3.458001211992225E-002
   2.42187500000000       1.288232622748725E-003 -3.534633476383860E-002
   2.42968750000000       6.269356429301257E-004 -3.616569138134389E-002
   2.43750000000000       3.431515081719840E-005 -3.704950794553501E-002
   2.44531250000000      -4.702780621659515E-004 -3.802107744625303E-002
   2.45312500000000      -8.230837998866602E-004 -3.915360824406400E-002
   2.46093750000000      -6.215829143856531E-004 -4.016647337035927E-002
   2.46875000000000      -4.931253889619790E-004 -4.081324922321425E-002
   2.47656250000000      -4.150191556241808E-004 -4.136118298338375E-002
   2.48437500000000      -3.632044155611832E-004 -4.184661826723548E-002
   2.49218750000000      -3.282377650184553E-004 -4.228578794376338E-002
   2.50000000000000      -3.054393664427149E-004 -4.268795869521336E-002
   2.53125000000000      -3.040221268355399E-004 -4.402161437231877E-002
   2.56250000000000      -4.748166947297463E-004 -4.502094755268537E-002
   2.59375000000000      -1.255996134123987E-003 -4.592607371538429E-002
   2.62500000000000      -1.974992307476242E-003 -4.760215200510578E-002
   2.65625000000000      -2.596332747485008E-003 -4.961587366098987E-002
   2.68750000000000      -3.246525940393677E-003 -5.270718138123576E-002
   2.71875000000000      -5.052837146480777E-004 -6.028249298474844E-002
   2.75000000000000       5.777313036224799E-003 -5.578736367919006E-002
   2.78125000000000       6.147534455742869E-003 -5.501345312810833E-002
   2.81250000000000       6.818085761343469E-003 -5.518430212617748E-002
   2.84375000000000       7.799394469288153E-003 -5.583901577386832E-002
   2.87500000000000       9.777243329865112E-003 -5.741572802403083E-002
   2.90625000000000       1.340559925523347E-002 -5.683762867614213E-002
   2.93750000000000       1.622105667452501E-002 -5.525001942989569E-002
   2.96875000000000       1.849675353469404E-002 -5.303782226272317E-002
   3.00000000000000       2.014408764466932E-002 -5.028922855296992E-002
   3.03125000000000       2.056133034251905E-002 -4.716009819975945E-002
   3.06250000000000       2.063851760788149E-002 -4.512225793883270E-002
   3.09375000000000       2.083210767537915E-002 -4.292050678645739E-002
   3.12500000000000       2.077867288540819E-002 -4.047139497010035E-002
   3.15625000000000       2.022272192376564E-002 -3.773031876112802E-002
   3.18750000000000       1.843485923965598E-002 -3.448231195610392E-002
   3.21875000000000       1.523257857456161E-002 -3.394936092816755E-002
   3.25000000000000       1.342019767765828E-002 -3.407105090724853E-002
   3.28125000000000       1.213964651036220E-002 -3.437953064625265E-002
   3.31250000000000       1.124212365688272E-002 -3.482564690421148E-002
   3.34375000000000       1.073966305982174E-002 -3.543488039025423E-002
   3.37500000000000       1.109161262907737E-002 -3.579645508283212E-002
   3.40625000000000       1.121958377635914E-002 -3.551505523323946E-002
   3.43750000000000       1.120024408038955E-002 -3.516532417523315E-002
   3.46875000000000       1.110555729538039E-002 -3.478767529763700E-002
   3.50000000000000       1.095333131767529E-002 -3.440023980719150E-002
   3.53125000000000       1.073542702855197E-002 -3.402082192018355E-002
   3.56250000000000       1.049893910637954E-002 -3.374507418271009E-002
   3.59375000000000       1.031052868199828E-002 -3.346569611986804E-002
   3.62500000000000       1.012067973158856E-002 -3.318084233987548E-002
   3.65625000000000       9.915910515379217E-003 -3.289907480500726E-002
   3.68750000000000       9.682823562556120E-003 -3.263266829615682E-002
   3.71875000000000       9.388109251020875E-003 -3.241650842357435E-002
   3.75000000000000       9.194260335411073E-003 -3.238995821561345E-002
   3.78125000000000       9.123079075156365E-003 -3.228409304309037E-002
   3.81250000000000       9.078209597493909E-003 -3.212385133370421E-002
   3.84375000000000       9.034041085175647E-003 -3.191777060586884E-002
   3.87500000000000       8.966729957263787E-003 -3.166920010074955E-002
   3.90625000000000       8.832619969408227E-003 -3.137616845631098E-002
   3.93750000000000       8.511720520540059E-003 -3.121669114022481E-002
   3.96875000000000       8.343355058143882E-003 -3.121586465783413E-002
   4.00000000000000       8.259497682426009E-003 -3.122608495830742E-002
   4.03125000000000       8.238426029733703E-003 -3.124313389840294E-002
   4.06250000000000       8.279224141393446E-003 -3.126815242704434E-002
   4.09375000000000       8.398657044725869E-003 -3.130714343391557E-002
   4.12500000000000       8.711927179406847E-003 -3.138975001029757E-002
   4.15625000000000       9.131148772605695E-003 -3.105342610749247E-002
   4.18750000000000       9.372845747145399E-003 -3.065127695600794E-002
   4.21875000000000       9.534219458324283E-003 -3.021182167579689E-002
   4.25000000000000       9.629314400045181E-003 -2.973967520305339E-002
   4.28125000000000       9.656058704218949E-003 -2.923412094209766E-002
   4.31250000000000       9.596081313434150E-003 -2.868775844700017E-002
   4.34375000000000       9.317137900301592E-003 -2.807762302745454E-002
   4.37500000000000       8.931726815529848E-003 -2.781355402317035E-002
   4.40625000000000       8.653476138511895E-003 -2.760540032451400E-002
   4.43750000000000       8.409253123658800E-003 -2.741925593411147E-002
   4.46875000000000       8.176569579788564E-003 -2.724704044253775E-002
   4.50000000000000       7.939379970965416E-003 -2.708540279318780E-002
   4.53125000000000       7.677103027374465E-003 -2.693259476542056E-002
   4.56250000000000       7.331197735461450E-003 -2.678571029299816E-002
   4.59375000000000       6.890917380368962E-003 -2.693134111114001E-002
   4.62500000000000       6.670706212312688E-003 -2.716187491295708E-002
   4.65625000000000       6.550606282348755E-003 -2.740794514236079E-002
   4.68750000000000       6.511985960267752E-003 -2.767021265334911E-002
   4.71875000000000       6.554281468539114E-003 -2.795184989055920E-002
   4.75000000000000       6.690918494807889E-003 -2.825946783877793E-002
   4.78125000000000       6.964508262012989E-003 -2.860871174888774E-002
   4.81250000000000       7.662941457472390E-003 -2.894682920469474E-002
   4.84375000000000       8.321199221280719E-003 -2.866529095792083E-002
   4.87500000000000       8.766490014035707E-003 -2.830855918365708E-002
   4.90625000000000       9.100773100477097E-003 -2.791156585542494E-002
   4.93750000000000       9.349691350540161E-003 -2.748481070911420E-002
   4.96875000000000       9.520101269261035E-003 -2.703311045319393E-002
   5.00000000000000       9.606535733493730E-003 -2.655831751828180E-002
   5.03125000000000       9.582600114538901E-003 -2.605859113602808E-002
   5.06250000000000       9.269793255870082E-003 -2.559623750099639E-002
   5.09375000000000       9.030396730072811E-003 -2.553195061250520E-002
   5.12500000000000       8.930052739948773E-003 -2.548617627296972E-002
   5.15625000000000       8.895421346315421E-003 -2.544780248871313E-002
   5.18750000000000       8.907844664806878E-003 -2.541496073313102E-002
   5.21875000000000       8.961929914022631E-003 -2.538825219181058E-002
   5.25000000000000       9.060566175485093E-003 -2.537022363472223E-002
   5.28125000000000       9.218572470625240E-003 -2.536683800798798E-002
   5.31250000000000       9.495630997615410E-003 -2.539761540167727E-002
   5.34375000000000       1.001106636548341E-002 -2.515025415919647E-002
   5.37500000000000       1.031724595742397E-002 -2.472815531758790E-002
   5.40625000000000       1.052607577991628E-002 -2.426885255978606E-002
   5.43750000000000       1.065993603165254E-002 -2.378275264715992E-002
   5.46875000000000       1.072403654075430E-002 -2.327493829753494E-002
   5.50000000000000       1.071575340437296E-002 -2.274842089745003E-002
   5.53125000000000       1.062455044688755E-002 -2.220468781817274E-002
   5.56250000000000       1.042372729719446E-002 -2.164263402165257E-002
   5.59375000000000       9.997992618803568E-003 -2.104583414455721E-002
   5.62500000000000       9.395154573373960E-003 -2.095074454415785E-002
   5.65625000000000       9.052496784536805E-003 -2.093533724897922E-002
   5.68750000000000       8.798870446655760E-003 -2.093565889505878E-002
   5.71875000000000       8.602211686796538E-003 -2.094629554334520E-002
   5.75000000000000       8.449131081340258E-003 -2.096532900751157E-002
   5.78125000000000       8.333747834585846E-003 -2.099226726816627E-002
   5.81250000000000       8.255202332755717E-003 -2.102764725006650E-002
   5.84375000000000       8.219020997849184E-003 -2.107343520951659E-002
   5.87500000000000       8.250546692741095E-003 -2.113609183663571E-002
   5.90625000000000       8.417932378541678E-003 -2.107561033596638E-002
   5.93750000000000       8.482478821570782E-003 -2.091810011369885E-002
   5.96875000000000       8.504315459017735E-003 -2.075255038507895E-002
   6.00000000000000       8.498851212485191E-003 -2.058252419848701E-002
   6.03125000000000       8.470733026563678E-003 -2.040933563209111E-002
   6.06250000000000       8.420523559051823E-003 -2.023353850639854E-002
   6.09375000000000       8.345770072834784E-003 -2.005525998139907E-002
   6.12500000000000       8.239958308846119E-003 -1.987421280229702E-002
   6.15625000000000       8.087300765027318E-003 -1.968931893541664E-002
   6.18750000000000       7.820940907496856E-003 -1.949525709907132E-002
   6.21875000000000       7.488326967387470E-003 -1.959406466005196E-002
   6.25000000000000       7.322699761859220E-003 -1.972734806196899E-002
   6.28125000000000       7.222354027876066E-003 -1.986592935190599E-002
   6.31250000000000       7.169724286824568E-003 -2.000867171748869E-002
   6.34375000000000       7.158555347494146E-003 -2.015539592682137E-002
   6.37500000000000       7.187587572265806E-003 -2.030639562517882E-002
   6.40625000000000       7.259436791697692E-003 -2.046240875311067E-002
   6.43750000000000       7.381788231320925E-003 -2.062484953425747E-002
   6.46875000000000       7.572913887937405E-003 -2.079663808113716E-002
   6.50000000000000       7.892940952801514E-003 -2.098669345405878E-002
   6.53125000000000       8.444871182227812E-003 -2.088150659102141E-002
   6.56250000000000       8.760602132681646E-003 -2.060767060879302E-002
   6.59375000000000       8.982220213424336E-003 -2.031895818254576E-002
   6.62500000000000       9.142363715172271E-003 -2.002060765040390E-002
   6.65625000000000       9.253253015877956E-003 -1.971488647196574E-002
   6.68750000000000       9.319929762415007E-003 -1.940303303102277E-002
   6.71875000000000       9.343334004283832E-003 -1.908574319075836E-002
   6.75000000000000       9.320737149321594E-003 -1.876329610185649E-002
   6.78125000000000       9.244150795270443E-003 -1.843545352401251E-002
   6.81250000000000       9.093403513268438E-003 -1.810083862731385E-002
   6.84375000000000       8.773945230594835E-003 -1.775083559767923E-002
   6.87500000000000       8.384373077167459E-003 -1.778282474227092E-002
   6.90625000000000       8.176657274462720E-003 -1.784206184249139E-002
   6.93750000000000       8.033532657241224E-003 -1.790753661024811E-002
   6.96875000000000       7.932730176574245E-003 -1.797716041532910E-002
   7.00000000000000       7.864592907424972E-003 -1.805010959811054E-002
   7.03125000000000       7.824303737255978E-003 -1.812605318126405E-002
   7.06250000000000       7.809700583271817E-003 -1.820494758896063E-002
   7.09375000000000       7.820660892733129E-003 -1.828699731571155E-002
   7.12500000000000       7.859432540472553E-003 -1.837273354399309E-002
   7.15625000000000       7.932724875650925E-003 -1.846334781197583E-002
   7.18750000000000       8.063939634778592E-003 -1.856253271190975E-002
   7.21875000000000       8.295794870820848E-003 -1.854694312127857E-002
   7.25000000000000       8.441221763516849E-003 -1.846337484988148E-002
   7.28125000000000       8.556117467679720E-003 -1.837440113656902E-002
   7.31250000000000       8.653867679521258E-003 -1.828226318205379E-002
   7.34375000000000       8.739920452489806E-003 -1.818796691678498E-002
   7.37500000000000       8.817178028902740E-003 -1.809211570337340E-002
   7.40625000000000       8.887397260306405E-003 -1.799513571583277E-002
   7.43750000000000       8.951721176526388E-003 -1.789736903341548E-002
   7.46875000000000       9.010920984057364E-003 -1.779912733068473E-002
   7.50000000000000       9.065511562601689E-003 -1.770074199390495E-002
   7.53125000000000       9.115777837426320E-003 -1.760265834529137E-002
   7.56250000000000       9.161475685390857E-003 -1.750592766747865E-002
   7.59375000000000       9.207278131809545E-003 -1.741360818693700E-002
   7.62500000000000       9.253445095167054E-003 -1.731922634388656E-002
   7.65625000000000       9.298077369603709E-003 -1.722365727596782E-002
   7.68750000000000       9.340958394989314E-003 -1.712717213402555E-002
   7.71875000000000       9.382001741387912E-003 -1.702990025692499E-002
   7.75000000000000       9.421147194511226E-003 -1.693191640932339E-002
   7.78125000000000       9.458327503847692E-003 -1.683326415463201E-002
   7.81250000000000       9.493448455278173E-003 -1.673396224135067E-002
   7.84375000000000       9.526365845634795E-003 -1.663400166628283E-002
   7.87500000000000       9.556842480448600E-003 -1.653333013855333E-002
   7.90625000000000       9.584435539301066E-003 -1.643180174772402E-002
   7.93750000000000       9.608021206129021E-003 -1.632894777900742E-002
   7.96875000000000       9.621076219679729E-003 -1.622849343197274E-002
   8.00000000000000       9.636221431362601E-003 -1.613785326098041E-002
   8.03125000000000       9.653239626187341E-003 -1.604832200522012E-002
   8.06250000000000       9.670595324925325E-003 -1.595932522548266E-002
   8.09375000000000       9.687661354442932E-003 -1.587069506849518E-002
   8.12500000000000       9.704050628268889E-003 -1.578237290923058E-002
   8.15625000000000       9.719461265462592E-003 -1.569434860429513E-002
   8.18750000000000       9.733611432252483E-003 -1.560664169232162E-002
   8.21875000000000       9.746194802409489E-003 -1.551929654993175E-002
   8.25000000000000       9.756829497219321E-003 -1.543238587245054E-002
   8.28125000000000       9.764967832648078E-003 -1.534602495731081E-002
   8.31250000000000       9.769670253546530E-003 -1.526041305659769E-002
   8.34375000000000       9.768698228045752E-003 -1.517599697833033E-002
   8.37500000000000       9.755276645048373E-003 -1.510433292597384E-002
   8.40625000000000       9.756599054138284E-003 -1.504612741281532E-002
   8.43750000000000       9.764209707009575E-003 -1.498683865221423E-002
   8.46875000000000       9.775029326172330E-003 -1.492695268661595E-002
   8.50000000000000       9.787893193254120E-003 -1.486664861708275E-002
   8.53125000000000       9.802134716926116E-003 -1.480602013345943E-002
   8.56250000000000       9.817279565947802E-003 -1.474512238303708E-002
   8.59375000000000       9.832927055074695E-003 -1.468398778672409E-002
   8.62500000000000       9.848680643625320E-003 -1.462263155397086E-002
   8.65625000000000       9.864083353042402E-003 -1.456105158223786E-002
   8.68750000000000       9.878524006004112E-003 -1.449922232098663E-002
   8.71875000000000       9.891044942118423E-003 -1.443707620473052E-002
   8.75000000000000       9.899794658157129E-003 -1.437444389200755E-002
   8.78125000000000       9.899168957901527E-003 -1.431072382953277E-002
   8.81250000000000       9.879747237120876E-003 -1.427514711961758E-002
   8.84375000000000       9.885910798764904E-003 -1.425558431482002E-002
   8.87500000000000       9.903749537787459E-003 -1.423715538943664E-002
   8.90625000000000       9.930053105602831E-003 -1.421952125569241E-002
   8.93750000000000       9.963668960586647E-003 -1.420257515088041E-002
   8.96875000000000       1.000417588275260E-002 -1.418628962357993E-002
   9.00000000000000       1.005156071434020E-002 -1.417068013320822E-002
   9.03125000000000       1.010612686903407E-002 -1.415579485311595E-002
   9.06250000000000       1.016850176783496E-002 -1.414171524721126E-002
   9.09375000000000       1.023972558301176E-002 -1.412856512939976E-002
   9.12500000000000       1.032146267130640E-002 -1.411653218853704E-002
   9.15625000000000       1.041648360643072E-002 -1.410591668591543E-002
   9.18750000000000       1.052994803440767E-002 -1.409725997483123E-002
   9.21875000000000       1.067437586199073E-002 -1.409183798673658E-002
   9.25000000000000       1.091150105018317E-002 -1.404596323540694E-002
   9.28125000000000       1.109075787026235E-002 -1.388406312831766E-002
   9.31250000000000       1.122486479550418E-002 -1.371748387056987E-002
   9.34375000000000       1.133436316501506E-002 -1.354833499568560E-002
   9.37500000000000       1.142597479804968E-002 -1.337734400373590E-002
   9.40625000000000       1.150297710929334E-002 -1.320488937722388E-002
   9.43750000000000       1.156718363620611E-002 -1.303120136253990E-002
   9.46875000000000       1.161960411463947E-002 -1.285643056821562E-002
   9.50000000000000       1.166070937422158E-002 -1.268067705894429E-002
   9.53125000000000       1.169052815909520E-002 -1.250400321353502E-002
   9.56250000000000       1.170863769968483E-002 -1.232643741573763E-002
   9.59375000000000       1.171403815247967E-002 -1.214796938792061E-002
   9.62500000000000       1.170481227484553E-002 -1.196853186485159E-002
   9.65625000000000       1.167719722460721E-002 -1.178794614556329E-002
   9.68750000000000       1.162214279202175E-002 -1.160571242779100E-002
   9.71875000000000       1.149018755890160E-002 -1.144609487142397E-002
   9.75000000000000       1.139424368076899E-002 -1.139361037251609E-002
   9.78125000000000       1.133716832461110E-002 -1.134359026356078E-002
   9.81250000000000       1.129837421693356E-002 -1.129472950168998E-002
   9.84375000000000       1.127170013019890E-002 -1.124664456228943E-002
   9.87500000000000       1.125417397699987E-002 -1.119915505092065E-002
   9.90625000000000       1.124411079029811E-002 -1.115216260025744E-002
   9.93750000000000       1.124049196417914E-002 -1.110561158653823E-002
   9.96875000000000       1.124270720858567E-002 -1.105947301643866E-002
   10.0000000000000       1.125043781617334E-002 -1.101373750959179E-002
   10.0312500000000       1.126361175595535E-002 -1.096841303655388E-002
   10.0625000000000       1.128241122900614E-002 -1.092352635399173E-002
   10.0937500000000       1.130734370567367E-002 -1.087912923524967E-002
   10.1250000000000       1.133943709613314E-002 -1.083531441821163E-002
   10.1562500000000       1.138079093811674E-002 -1.079225965713245E-002
   10.1875000000000       1.143679008628399E-002 -1.075040274011671E-002
   10.2187500000000       1.153257492042637E-002 -1.068846836568631E-002
   10.2500000000000       1.160246238679213E-002 -1.058071694421083E-002
   10.2812500000000       1.165516179956906E-002 -1.047155691071346E-002
   10.3125000000000       1.169884244643625E-002 -1.036165179344673E-002
   10.3437500000000       1.173627327370921E-002 -1.025123570582176E-002
   10.3750000000000       1.176884910348377E-002 -1.014043238189203E-002
   10.4062500000000       1.179739244314874E-002 -1.002931950560465E-002
   10.4375000000000       1.182242978288059E-002 -9.917951225797358E-003
   10.4687500000000       1.184431216770929E-002 -9.806368258956829E-003
   10.5000000000000       1.186327498675905E-002 -9.694603214649364E-003
   10.5312500000000       1.187946909534193E-002 -9.582683813093419E-003
   10.5625000000000       1.189297555004317E-002 -9.470635161523282E-003
   10.5937500000000       1.190380773433541E-002 -9.358481774325765E-003
   10.6250000000000       1.191189808834979E-002 -9.246250032395903E-003
   10.6562500000000       1.191705369423622E-002 -9.133972490285424E-003
   10.6875000000000       1.191881270370964E-002 -9.021699025393962E-003
   10.7187500000000       1.191567290806741E-002 -8.909551622839289E-003
   10.7500000000000       1.190655941893243E-002 -8.805758340818913E-003
   10.7812500000000       1.190265299065252E-002 -8.704918846276463E-003
   10.8125000000000       1.189945791609139E-002 -8.603756307546607E-003
   10.8437500000000       1.189602170552803E-002 -8.502347844948207E-003
   10.8750000000000       1.189192312992609E-002 -8.400731044338926E-003
   10.9062500000000       1.188690465898621E-002 -8.298929774488435E-003
   10.9375000000000       1.188077498802363E-002 -8.196961122058186E-003
   10.9687500000000       1.187336943580352E-002 -8.094838092337147E-003
   11.0000000000000       1.186452841488194E-002 -7.992570839641130E-003
   11.0312500000000       1.185408177023938E-002 -7.890167225692258E-003
   11.0625000000000       1.184183336972010E-002 -7.787632969700078E-003
   11.0937500000000       1.182754147824078E-002 -7.684971437503986E-003
   11.1250000000000       1.181088855199521E-002 -7.582182950255948E-003
   11.1562500000000       1.179142738099854E-002 -7.479263212976240E-003
   11.1875000000000       1.176846964283714E-002 -7.376199700873975E-003
   11.2187500000000       1.174080393516889E-002 -7.272961982908596E-003
   11.2500000000000       1.170567063489456E-002 -7.169465103853910E-003
   11.2812500000000       1.164859810329379E-002 -7.073322352694551E-003
   11.3125000000000       1.160356252753416E-002 -7.008402923866145E-003
   11.3437500000000       1.157043395975187E-002 -6.943921551566804E-003
   11.3750000000000       1.154312174267863E-002 -6.879649903095103E-003
   11.4062500000000       1.151977789504721E-002 -6.815521949024372E-003
   11.4375000000000       1.149950007896001E-002 -6.751507893545657E-003
   11.4687500000000       1.148177102162532E-002 -6.687592841334826E-003
   11.5000000000000       1.146627487487837E-002 -6.623769885343142E-003
   11.5312500000000       1.145282020992821E-002 -6.560037290574840E-003
   11.5625000000000       1.144130410139259E-002 -6.496397284807169E-003
   11.5937500000000       1.143169604883932E-002 -6.432855668451766E-003
   11.6250000000000       1.142403415986819E-002 -6.369421995116125E-003
   11.6562500000000       1.141843189379495E-002 -6.306110332294505E-003
   11.6875000000000       1.141509801003495E-002 -6.242940850818057E-003
   11.7187500000000       1.141437889296433E-002 -6.179942917742661E-003
   11.7500000000000       1.141684844897376E-002 -6.117161466679597E-003
   11.7812500000000       1.142352376863565E-002 -6.054672100935675E-003
   11.8125000000000       1.143653688325645E-002 -5.992627917556848E-003
   11.8437500000000       1.146344389238970E-002 -5.931559230347961E-003
   11.8750000000000       1.150445049571163E-002 -5.834733734579895E-003
   11.9062500000000       1.152218000218641E-002 -5.729687153020220E-003
   11.9375000000000       1.153151528174174E-002 -5.623988163826080E-003
   11.9687500000000       1.153528227570630E-002 -5.517858064870501E-003
   12.0000000000000       1.153471991093568E-002 -5.411401738161948E-003
   13.0000000000000       1.064743376394063E-002  0.000000000000000E+000
   14.0000000000000       9.886902780802011E-003  0.000000000000000E+000
   15.0000000000000       9.227775928748544E-003  0.000000000000000E+000
   16.0000000000000       8.651039933201760E-003  0.000000000000000E+000
   17.0000000000000       8.142155231248715E-003  0.000000000000000E+000
   18.0000000000000       7.689813273957120E-003  0.000000000000000E+000
   19.0000000000000       7.285086259538325E-003  0.000000000000000E+000
   20.0000000000000       6.920831946561408E-003  0.000000000000000E+000
   21.0000000000000       6.591268520534674E-003  0.000000000000000E+000
   22.0000000000000       6.291665405964916E-003  0.000000000000000E+000
   23.0000000000000       6.018114736140355E-003  0.000000000000000E+000
   24.0000000000000       5.767359955467840E-003  0.000000000000000E+000
   25.0000000000000       5.536665557249127E-003  0.000000000000000E+000
   26.0000000000000       5.323716881970314E-003  0.000000000000000E+000
   27.0000000000000       5.126542182638080E-003  0.000000000000000E+000
   28.0000000000000       4.943451390401006E-003  0.000000000000000E+000
   29.0000000000000       4.772987549352696E-003  0.000000000000000E+000
   30.0000000000000       4.613887964374272E-003  0.000000000000000E+000
   31.0000000000000       4.465052868749295E-003  0.000000000000000E+000
   32.0000000000000       4.325519966600880E-003  0.000000000000000E+000
   33.0000000000000       4.194443603976611E-003  0.000000000000000E+000
   34.0000000000000       4.071077615624357E-003  0.000000000000000E+000
   35.0000000000000       3.954761112320805E-003  0.000000000000000E+000
   36.0000000000000       3.844906636978560E-003  0.000000000000000E+000
   37.0000000000000       3.740990241384545E-003  0.000000000000000E+000
   38.0000000000000       3.642543129769162E-003  0.000000000000000E+000
   39.0000000000000       3.549144587980209E-003  0.000000000000000E+000
   40.0000000000000       3.460415973280704E-003  0.000000000000000E+000
   41.0000000000000       3.376015583688492E-003  0.000000000000000E+000
   42.0000000000000       3.295634260267337E-003  0.000000000000000E+000
   43.0000000000000       3.218991603051818E-003  0.000000000000000E+000
   44.0000000000000       3.145832702982458E-003  0.000000000000000E+000
   45.0000000000000       3.075925309582848E-003  0.000000000000000E+000
   46.0000000000000       3.009057368070178E-003  0.000000000000000E+000
   47.0000000000000       2.945034870877195E-003  0.000000000000000E+000
   48.0000000000000       2.883679977733920E-003  0.000000000000000E+000
   49.0000000000000       2.824829365943432E-003  0.000000000000000E+000
   50.0000000000000       2.768332778624563E-003  0.000000000000000E+000
   51.0000000000000       2.714051743749572E-003  0.000000000000000E+000
   52.0000000000000       2.661858440985157E-003  0.000000000000000E+000
   53.0000000000000       2.611634696815625E-003  0.000000000000000E+000
   54.0000000000000       2.563271091319040E-003  0.000000000000000E+000
   55.0000000000000       2.516666162385967E-003  0.000000000000000E+000
   56.0000000000000       2.471725695200503E-003  0.000000000000000E+000
   57.0000000000000       2.428362086512775E-003  0.000000000000000E+000
   58.0000000000000       2.386493774676348E-003  0.000000000000000E+000
   59.0000000000000       2.346044727647935E-003  0.000000000000000E+000
   60.0000000000000       2.306943982187136E-003  0.000000000000000E+000
   61.0000000000000       2.269125228380789E-003  0.000000000000000E+000
   62.0000000000000       2.232526434374648E-003  0.000000000000000E+000
   63.0000000000000       2.197089506844891E-003  0.000000000000000E+000
   64.0000000000000       2.162759983300440E-003  0.000000000000000E+000
   65.0000000000000       2.129486752788126E-003  0.000000000000000E+000
   66.0000000000000       2.097221801988305E-003  0.000000000000000E+000
   67.0000000000000       2.065919984048181E-003  0.000000000000000E+000
   68.0000000000000       2.035538807812179E-003  0.000000000000000E+000
   69.0000000000000       2.006038245380118E-003  0.000000000000000E+000
   70.0000000000000       1.977380556160402E-003  0.000000000000000E+000
   71.0000000000000       1.949530125791946E-003  0.000000000000000E+000
   72.0000000000000       1.922453318489280E-003  0.000000000000000E+000
   73.0000000000000       1.896118341523674E-003  0.000000000000000E+000
   74.0000000000000       1.870495120692272E-003  0.000000000000000E+000
   75.0000000000000       1.845555185749709E-003  0.000000000000000E+000
   76.0000000000000       1.821271564884581E-003  0.000000000000000E+000
   77.0000000000000       1.797618687418548E-003  0.000000000000000E+000
   78.0000000000000       1.774572293990105E-003  0.000000000000000E+000
   79.0000000000000       1.752109353559850E-003  0.000000000000000E+000
   80.0000000000000       1.730207986640352E-003  0.000000000000000E+000
   81.0000000000000       1.708847394212693E-003  0.000000000000000E+000
   82.0000000000000       1.688007791844246E-003  0.000000000000000E+000
   83.0000000000000       1.667670348569014E-003  0.000000000000000E+000
   84.0000000000000       1.647817130133669E-003  0.000000000000000E+000
   85.0000000000000       1.628431046249743E-003  0.000000000000000E+000
   86.0000000000000       1.609495801525909E-003  0.000000000000000E+000
   87.0000000000000       1.590995849784232E-003  0.000000000000000E+000
   88.0000000000000       1.572916351491229E-003  0.000000000000000E+000
   89.0000000000000       1.555243134058743E-003  0.000000000000000E+000
   90.0000000000000       1.537962654791424E-003  0.000000000000000E+000
   91.0000000000000       1.521061966277232E-003  0.000000000000000E+000
   92.0000000000000       1.504528684035089E-003  0.000000000000000E+000
   93.0000000000000       1.488350956249765E-003  0.000000000000000E+000
   94.0000000000000       1.472517435438598E-003  0.000000000000000E+000
   95.0000000000000       1.457017251907665E-003  0.000000000000000E+000
   96.0000000000000       1.441839988866960E-003  0.000000000000000E+000
   97.0000000000000       1.426975659084826E-003  0.000000000000000E+000
   98.0000000000000       1.412414682971716E-003  0.000000000000000E+000
   99.0000000000000       1.398147867992204E-003  0.000000000000000E+000
   100.000000000000       1.384166389312282E-003  0.000000000000000E+000
   101.000000000000       1.370461771596318E-003  0.000000000000000E+000
   102.000000000000       1.357025871874786E-003  0.000000000000000E+000
   103.000000000000       1.343850863409982E-003  0.000000000000000E+000
   104.000000000000       1.330929220492578E-003  0.000000000000000E+000
   105.000000000000       1.318253704106935E-003  0.000000000000000E+000
   106.000000000000       1.305817348407813E-003  0.000000000000000E+000
   107.000000000000       1.293613447955403E-003  0.000000000000000E+000
   108.000000000000       1.281635545659520E-003  0.000000000000000E+000
   109.000000000000       1.269877421387414E-003  0.000000000000000E+000
   110.000000000000       1.258333081192983E-003  0.000000000000000E+000
   111.000000000000       1.246996747128182E-003  0.000000000000000E+000
   112.000000000000       1.235862847600251E-003  0.000000000000000E+000
   113.000000000000       1.224926008240957E-003  0.000000000000000E+000
   114.000000000000       1.214181043256387E-003  0.000000000000000E+000
   115.000000000000       1.203622947228071E-003  0.000000000000000E+000
   116.000000000000       1.193246887338174E-003  0.000000000000000E+000
   117.000000000000       1.183048195993403E-003  0.000000000000000E+000
   118.000000000000       1.173022363823967E-003  0.000000000000000E+000
   119.000000000000       1.163165033035531E-003  0.000000000000000E+000
   120.000000000000       1.153471991093568E-003  0.000000000000000E+000
   121.000000000000       1.143939164720894E-003  0.000000000000000E+000
   122.000000000000       1.134562614190395E-003  0.000000000000000E+000
   123.000000000000       1.125338527896164E-003  0.000000000000000E+000
   124.000000000000       1.116263217187324E-003  0.000000000000000E+000
   125.000000000000       1.107333111449825E-003  0.000000000000000E+000
   126.000000000000       1.098544753422446E-003  0.000000000000000E+000
   127.000000000000       1.089894794734080E-003  0.000000000000000E+000
   128.000000000000       1.081379991650220E-003  0.000000000000000E+000
   129.000000000000       1.072997201017273E-003  0.000000000000000E+000
   130.000000000000       1.064743376394063E-003  0.000000000000000E+000
   131.000000000000       1.056615564360520E-003  0.000000000000000E+000
   132.000000000000       1.048610900994153E-003  0.000000000000000E+000
   133.000000000000       1.040726608505475E-003  0.000000000000000E+000
   134.000000000000       1.032959992024091E-003  0.000000000000000E+000
   135.000000000000       1.025308436527616E-003  0.000000000000000E+000
   136.000000000000       1.017769403906089E-003  0.000000000000000E+000
   137.000000000000       1.010340430154950E-003  0.000000000000000E+000
   138.000000000000       1.003019122690059E-003  0.000000000000000E+000
   139.000000000000       9.958031577786198E-004  0.000000000000000E+000
   140.000000000000       9.886902780802012E-004  0.000000000000000E+000
   141.000000000000       9.816782902923983E-004  0.000000000000000E+000
   142.000000000000       9.747650628959730E-004  0.000000000000000E+000
   143.000000000000       9.679485239946025E-004  0.000000000000000E+000
   144.000000000000       9.612266592446400E-004  0.000000000000000E+000
   145.000000000000       9.545975098705390E-004  0.000000000000000E+000
   146.000000000000       9.480591707618368E-004  0.000000000000000E+000
   147.000000000000       9.416097886478106E-004  0.000000000000000E+000
   148.000000000000       9.352475603461362E-004  0.000000000000000E+000
   149.000000000000       9.289707310820681E-004  0.000000000000000E+000
   150.000000000000       9.227775928748544E-004  0.000000000000000E+000
   151.000000000000       9.166664829882659E-004  0.000000000000000E+000
   152.000000000000       9.106357824422906E-004  0.000000000000000E+000
   153.000000000000       9.046839145831906E-004  0.000000000000000E+000
   154.000000000000       8.988093437092738E-004  0.000000000000000E+000
   155.000000000000       8.930105737498591E-004  0.000000000000000E+000
   156.000000000000       8.872861469950523E-004  0.000000000000000E+000
   157.000000000000       8.816346428740647E-004  0.000000000000000E+000
   158.000000000000       8.760546767799251E-004  0.000000000000000E+000
   159.000000000000       8.705448989385419E-004  0.000000000000000E+000
   160.000000000000       8.651039933201760E-004  0.000000000000000E+000
   161.000000000000       8.597306765914792E-004  0.000000000000000E+000
   162.000000000000       8.544236971063467E-004  0.000000000000000E+000
   163.000000000000       8.491818339339150E-004  0.000000000000000E+000
   164.000000000000       8.440038959221229E-004  0.000000000000000E+000
   165.000000000000       8.388887207953222E-004  0.000000000000000E+000
   166.000000000000       8.338351742845070E-004  0.000000000000000E+000
   167.000000000000       8.288421492887914E-004  0.000000000000000E+000
   168.000000000000       8.239085650668343E-004  0.000000000000000E+000
   169.000000000000       8.190333664569714E-004  0.000000000000000E+000
   170.000000000000       8.142155231248715E-004  0.000000000000000E+000
   171.000000000000       8.094540288375915E-004  0.000000000000000E+000
   172.000000000000       8.047479007629544E-004  0.000000000000000E+000
   173.000000000000       8.000961787932263E-004  0.000000000000000E+000
   174.000000000000       7.954979248921158E-004  0.000000000000000E+000
   175.000000000000       7.909522224641610E-004  0.000000000000000E+000
   176.000000000000       7.864581757456145E-004  0.000000000000000E+000
   177.000000000000       7.820149092159783E-004  0.000000000000000E+000
   178.000000000000       7.776215670293716E-004  0.000000000000000E+000
   179.000000000000       7.732773124649617E-004  0.000000000000000E+000
   180.000000000000       7.689813273957120E-004  0.000000000000000E+000
   181.000000000000       7.647328117747412E-004  0.000000000000000E+000
   182.000000000000       7.605309831386162E-004  0.000000000000000E+000
   183.000000000000       7.563750761269298E-004  0.000000000000000E+000
   184.000000000000       7.522643420175444E-004  0.000000000000000E+000
   185.000000000000       7.481980482769090E-004  0.000000000000000E+000
   186.000000000000       7.441754781248826E-004  0.000000000000000E+000
   187.000000000000       7.401959301135195E-004  0.000000000000000E+000
   188.000000000000       7.362587177192988E-004  0.000000000000000E+000
   189.000000000000       7.323631689482972E-004  0.000000000000000E+000
   190.000000000000       7.285086259538324E-004  0.000000000000000E+000
   191.000000000000       7.246944446661160E-004  0.000000000000000E+000
   192.000000000000       7.209199944334800E-004  0.000000000000000E+000
   193.000000000000       7.171846576747573E-004  0.000000000000000E+000
   194.000000000000       7.134878295424132E-004  0.000000000000000E+000
   195.000000000000       7.098289175960418E-004  0.000000000000000E+000
   196.000000000000       7.062073414858580E-004  0.000000000000000E+000
   197.000000000000       7.026225326458282E-004  0.000000000000000E+000
   198.000000000000       6.990739339961018E-004  0.000000000000000E+000
   199.000000000000       6.955609996544129E-004  0.000000000000000E+000
   200.000000000000       6.920831946561408E-004  0.000000000000000E+000
   201.000000000000       6.886399946827271E-004  0.000000000000000E+000
   202.000000000000       6.852308857981592E-004  0.000000000000000E+000
   203.000000000000       6.818553641932422E-004  0.000000000000000E+000
   204.000000000000       6.785129359373929E-004  0.000000000000000E+000
   205.000000000000       6.752031167376984E-004  0.000000000000000E+000
   206.000000000000       6.719254317049911E-004  0.000000000000000E+000
   207.000000000000       6.686794151267061E-004  0.000000000000000E+000
   208.000000000000       6.654646102462892E-004  0.000000000000000E+000
   209.000000000000       6.622805690489385E-004  0.000000000000000E+000
   210.000000000000       6.591268520534674E-004  0.000000000000000E+000
   211.000000000000       6.560030281100860E-004  0.000000000000000E+000
   212.000000000000       6.529086742039064E-004  0.000000000000000E+000
   213.000000000000       6.498433752639820E-004  0.000000000000000E+000
   214.000000000000       6.468067239777017E-004  0.000000000000000E+000
   215.000000000000       6.437983206103636E-004  0.000000000000000E+000
   216.000000000000       6.408177728297599E-004  0.000000000000000E+000
   217.000000000000       6.378646955356136E-004  0.000000000000000E+000
   218.000000000000       6.349387106937072E-004  0.000000000000000E+000
   219.000000000000       6.320394471745578E-004  0.000000000000000E+000
   220.000000000000       6.291665405964916E-004  0.000000000000000E+000
   221.000000000000       6.263196331729781E-004  0.000000000000000E+000
   222.000000000000       6.234983735640908E-004  0.000000000000000E+000
   223.000000000000       6.207024167319648E-004  0.000000000000000E+000
   224.000000000000       6.179314238001257E-004  0.000000000000000E+000
   225.000000000000       6.151850619165696E-004  0.000000000000000E+000
   226.000000000000       6.124630041204785E-004  0.000000000000000E+000
   227.000000000000       6.097649292124589E-004  0.000000000000000E+000
   228.000000000000       6.070905216281937E-004  0.000000000000000E+000
   229.000000000000       6.044394713154069E-004  0.000000000000000E+000
   230.000000000000       6.018114736140355E-004  0.000000000000000E+000
   231.000000000000       5.992062291395159E-004  0.000000000000000E+000
   232.000000000000       5.966234436690869E-004  0.000000000000000E+000
   233.000000000000       5.940628280310221E-004  0.000000000000000E+000
   234.000000000000       5.915240979967015E-004  0.000000000000000E+000
   235.000000000000       5.890069741754390E-004  0.000000000000000E+000
   236.000000000000       5.865111819119837E-004  0.000000000000000E+000
   237.000000000000       5.840364511866167E-004  0.000000000000000E+000
   238.000000000000       5.815825165177654E-004  0.000000000000000E+000
   239.000000000000       5.791491168670634E-004  0.000000000000000E+000
   240.000000000000       5.767359955467840E-004  0.000000000000000E+000
   241.000000000000       5.743429001295775E-004  0.000000000000000E+000
   242.000000000000       5.719695823604469E-004  0.000000000000000E+000
   243.000000000000       5.696157980708978E-004  0.000000000000000E+000
   244.000000000000       5.672813070951974E-004  0.000000000000000E+000
   245.000000000000       5.649658731886864E-004  0.000000000000000E+000
   246.000000000000       5.626692639480819E-004  0.000000000000000E+000
   247.000000000000       5.603912507337172E-004  0.000000000000000E+000
   248.000000000000       5.581316085936619E-004  0.000000000000000E+000
   249.000000000000       5.558901161896713E-004  0.000000000000000E+000
   250.000000000000       5.536665557249127E-004  0.000000000000000E+000
   251.000000000000       5.514607128734190E-004  0.000000000000000E+000
   252.000000000000       5.492723767112228E-004  0.000000000000000E+000
   253.000000000000       5.471013396491232E-004  0.000000000000000E+000
   254.000000000000       5.449473973670400E-004  0.000000000000000E+000
   255.000000000000       5.428103487499144E-004  0.000000000000000E+000
   256.000000000000       5.406899958251100E-004  0.000000000000000E+000
   257.000000000000       5.385861437012769E-004  0.000000000000000E+000
   258.000000000000       5.364986005086363E-004  0.000000000000000E+000
   259.000000000000       5.344271773406493E-004  0.000000000000000E+000
   260.000000000000       5.323716881970314E-004  0.000000000000000E+000
   261.000000000000       5.303319499280773E-004  0.000000000000000E+000
   262.000000000000       5.283077821802601E-004  0.000000000000000E+000
   263.000000000000       5.262990073430728E-004  0.000000000000000E+000
   264.000000000000       5.243054504970764E-004  0.000000000000000E+000
   265.000000000000       5.223269393631251E-004  0.000000000000000E+000
   266.000000000000       5.203633042527374E-004  0.000000000000000E+000
   267.000000000000       5.184143780195812E-004  0.000000000000000E+000
   268.000000000000       5.164799960120453E-004  0.000000000000000E+000
   269.000000000000       5.145599960268705E-004  0.000000000000000E+000
   270.000000000000       5.126542182638080E-004  0.000000000000000E+000
   271.000000000000       5.107625052812847E-004  0.000000000000000E+000
   272.000000000000       5.088847019530447E-004  0.000000000000000E+000
   273.000000000000       5.070206554257441E-004  0.000000000000000E+000
   274.000000000000       5.051702150774750E-004  0.000000000000000E+000
   275.000000000000       5.033332324771933E-004  0.000000000000000E+000
   276.000000000000       5.015095613450295E-004  0.000000000000000E+000
   277.000000000000       4.996990575134591E-004  0.000000000000000E+000
   278.000000000000       4.979015788893099E-004  0.000000000000000E+000
   279.000000000000       4.961169854165884E-004  0.000000000000000E+000
   280.000000000000       4.943451390401006E-004  0.000000000000000E+000
   281.000000000000       4.925859036698511E-004  0.000000000000000E+000
   282.000000000000       4.908391451461992E-004  0.000000000000000E+000
   283.000000000000       4.891047312057533E-004  0.000000000000000E+000
   284.000000000000       4.873825314479865E-004  0.000000000000000E+000
   285.000000000000       4.856724173025550E-004  0.000000000000000E+000
   286.000000000000       4.839742619973013E-004  0.000000000000000E+000
   287.000000000000       4.822879405269274E-004  0.000000000000000E+000
   288.000000000000       4.806133296223200E-004  0.000000000000000E+000
   289.000000000000       4.789503077205127E-004  0.000000000000000E+000
   290.000000000000       4.772987549352695E-004  0.000000000000000E+000
   291.000000000000       4.756585530282755E-004  0.000000000000000E+000
   292.000000000000       4.740295853809184E-004  0.000000000000000E+000
   293.000000000000       4.724117369666490E-004  0.000000000000000E+000
   294.000000000000       4.708048943239053E-004  0.000000000000000E+000
   295.000000000000       4.692089455295870E-004  0.000000000000000E+000
   296.000000000000       4.676237801730681E-004  0.000000000000000E+000
   297.000000000000       4.660492893307346E-004  0.000000000000000E+000
   298.000000000000       4.644853655410341E-004  0.000000000000000E+000
   299.000000000000       4.629319027800273E-004  0.000000000000000E+000
   300.000000000000       4.613887964374272E-004  0.000000000000000E+000
   301.000000000000       4.598559432931168E-004  0.000000000000000E+000
   302.000000000000       4.583332414941330E-004  0.000000000000000E+000
   303.000000000000       4.568205905321062E-004  0.000000000000000E+000
   304.000000000000       4.553178912211453E-004  0.000000000000000E+000
   305.000000000000       4.538250456761579E-004  0.000000000000000E+000
   306.000000000000       4.523419572915953E-004  0.000000000000000E+000
   307.000000000000       4.508685307206129E-004  0.000000000000000E+000
   308.000000000000       4.494046718546369E-004  0.000000000000000E+000
   309.000000000000       4.479502878033274E-004  0.000000000000000E+000
   310.000000000000       4.465052868749296E-004  0.000000000000000E+000
   311.000000000000       4.450695785570037E-004  0.000000000000000E+000
   312.000000000000       4.436430734975262E-004  0.000000000000000E+000
