  0.000000000000000E+000 -0.300521193165149       1.900099567081134E-006
  7.812500000000000E-003 -0.300885490573795      -2.554706745470597E-003
  1.562500000000000E-002 -0.302059731810159      -4.540787283279972E-003
  2.343750000000000E-002 -0.306870552909714      -7.282923137907636E-003
  3.125000000000000E-002 -0.316546428102707      -1.537995004266947E-002
  3.906250000000000E-002 -0.316538948112199      -3.459173934181384E-002
  4.687500000000000E-002 -0.296534298732599      -4.520037965556898E-002
  5.468750000000000E-002 -0.288308956671576      -4.805577359984687E-002
  6.250000000000000E-002 -0.288304874748103      -5.365709590548277E-002
  7.031250000000000E-002 -0.258704076946584      -4.875629945595675E-002
  7.812500000000000E-002 -0.265949363210022      -3.629596849561181E-002
  8.593750000000000E-002 -0.274178864925264      -3.513371622447857E-002
  9.375000000000000E-002 -0.279379248354705      -4.523971732262242E-002
  0.101562500000000      -0.269852963200386      -5.055174051915073E-002
  0.109375000000000      -0.266673141217455      -5.228814501904626E-002
  0.117187500000000      -0.256244759427595      -5.531767268840666E-002
  0.125000000000000      -0.246862474569645      -5.036676727916531E-002
  0.132812500000000      -0.247256966794068      -3.994328416227164E-002
  0.140625000000000      -0.249630106633159      -3.570947095165018E-002
  0.148437500000000      -0.254054291649995      -3.389567222634865E-002
  0.156250000000000      -0.257355798819275      -3.479580657841344E-002
  0.164062500000000      -0.258414759270809      -3.832013187726230E-002
  0.171875000000000      -0.256822099732008      -4.003251576716108E-002
  0.179687500000000      -0.254615528113855      -4.063206863061354E-002
  0.187500000000000      -0.251808585219513      -3.831973734285259E-002
  0.195312500000000      -0.252028339245210      -3.252426528030064E-002
  0.203125000000000      -0.258275856061696      -3.128996100073628E-002
  0.210937500000000      -0.261726635182279      -3.234247349379636E-002
  0.218750000000000      -0.264901422980100      -3.412167983378218E-002
  0.226562500000000      -0.266644815978564      -3.638746160118309E-002
  0.234375000000000      -0.267941870920402      -3.804890218096438E-002
  0.242187500000000      -0.269658948238032      -3.987991103242356E-002
  0.250000000000000      -0.270870362111852      -4.173978500503894E-002
  0.257812500000000      -0.272816427553094      -4.347796330248361E-002
  0.265625000000000      -0.273041297427691      -4.718173455787894E-002
  0.273437500000000      -0.271780782873095      -4.899780388631205E-002
  0.281250000000000      -0.270140662117192      -4.777852853727536E-002
  0.289062500000000      -0.272695387877506      -4.675787393055734E-002
  0.296875000000000      -0.274316604454833      -4.622039402289811E-002
  0.304687500000000      -0.276394582935360      -4.227341819428160E-002
  0.312500000000000      -0.286910432695248      -4.172958436595616E-002
  0.320312500000000      -0.295768622874955      -4.507512497950437E-002
  0.328125000000000      -0.306326266740205      -5.144350413667165E-002
  0.335937500000000      -0.311702185009087      -6.729678909724543E-002
  0.343750000000000      -0.309534613143098      -7.960632430431008E-002
  0.351562500000000      -0.303308637785420      -8.961443258500847E-002
  0.359375000000000      -0.292417488741772      -9.003226719872191E-002
  0.367187500000000      -0.292372809264050      -8.605338299452632E-002
  0.375000000000000      -0.296240095841353      -8.430207098024721E-002
  0.382812500000000      -0.304184865503440      -8.564723298914764E-002
  0.390625000000000      -0.309300456988717      -9.409841813196836E-002
  0.398437500000000      -0.312666204733380      -0.100348170406035     
  0.406250000000000      -0.316971646519843      -0.107411668965650     
  0.414062500000000      -0.321619594821254      -0.116835112119958     
  0.421875000000000      -0.324873982277628      -0.127584255827691     
  0.429687500000000      -0.328397704878826      -0.140253617999586     
  0.437500000000000      -0.331546979205885      -0.156664282480538     
  0.445312500000000      -0.331249014604139      -0.182171987685921     
  0.453125000000000      -0.315641427168631      -0.202678884104412     
  0.460937500000000      -0.299758724771487      -0.219064464992129     
  0.468750000000000      -0.280244209183323      -0.234614913731895     
  0.476562500000000      -0.250950968095428      -0.247468674734637     
  0.484375000000000      -0.222407511474554      -0.240122117304389     
  0.492187500000000      -0.202262364472939      -0.232328307606699     
  0.500000000000000      -0.183792246183412      -0.222979254933799     
  0.507812500000000      -0.165838085646588      -0.209428314657087     
  0.515625000000000      -0.157008457517254      -0.187426655277675     
  0.523437500000000      -0.155776079058660      -0.172735250992830     
  0.531250000000000      -0.155053854410222      -0.160682445227590     
  0.539062500000000      -0.154904431894469      -0.149151502453546     
  0.546875000000000      -0.156660159773453      -0.135491761573213     
  0.554687500000000      -0.165324030060113      -0.126902716277116     
  0.562500000000000      -0.172026114138287      -0.122077156527459     
  0.570312500000000      -0.177903100295852      -0.118649307399479     
  0.578125000000000      -0.183537018518275      -0.116036022131265     
  0.585937500000000      -0.190044185886260      -0.114381942003222     
  0.593750000000000      -0.195669198006391      -0.115238851306789     
  0.601562500000000      -0.200256561088113      -0.116549330078580     
  0.609375000000000      -0.204507708556797      -0.118173017117013     
  0.617187500000000      -0.209087559171433      -0.120284424041712     
  0.625000000000000      -0.215091296016250      -0.125913206573552     
  0.632812500000000      -0.215138439540671      -0.133314416804997     
  0.640625000000000      -0.213220479994978      -0.139057899108703     
  0.648437500000000      -0.209694039273624      -0.143553157003261     
  0.656250000000000      -0.204475718421887      -0.146273641031728     
  0.664062500000000      -0.197068791023875      -0.144876720713505     
  0.671875000000000      -0.197370624499364      -0.139237481480449     
  0.679687500000000      -0.198732469959086      -0.137323991845984     
  0.687500000000000      -0.200223509405403      -0.136219357655838     
  0.695312500000000      -0.202131580017506      -0.135428152217902     
  0.703125000000000      -0.204905517882273      -0.135213086621831     
  0.710937500000000      -0.208380283981764      -0.136749737935982     
  0.718750000000000      -0.210223727861713      -0.139481116028140     
  0.726562500000000      -0.211343255002280      -0.141847383580284     
  0.734375000000000      -0.212452067063219      -0.143892439705962     
  0.742187500000000      -0.213969506769287      -0.145856137812158     
  0.750000000000000      -0.216570939629287      -0.148050950766501     
  0.757812500000000      -0.220249728319842      -0.154429693240801     
  0.765625000000000      -0.219588651624746      -0.161901203507654     
  0.773437500000000      -0.216616684579376      -0.169019483198809     
  0.781250000000000      -0.211055165330437      -0.175464819069531     
  0.789062500000000      -0.202195805738859      -0.180064011582924     
  0.796875000000000      -0.189327637771705      -0.179696941180680     
  0.804687500000000      -0.181600116250834      -0.165736085561793     
  0.812500000000000      -0.184744830624868      -0.157469237253823     
  0.820312500000000      -0.188757940534555      -0.152418112445303     
  0.828125000000000      -0.193416724808230      -0.148816815799390     
  0.835937500000000      -0.199106212580133      -0.146046925827781     
  0.843750000000000      -0.206962251462153      -0.144196539519806     
  0.851562500000000      -0.219861943625222      -0.148774856036498     
  0.859375000000000      -0.221771183678129      -0.158066185158348     
  0.867187500000000      -0.222226966921070      -0.163393997435121     
  0.875000000000000      -0.222736895262993      -0.167109936779424     
  0.882812500000000      -0.223815726805988      -0.169943625842929     
  0.890625000000000      -0.225929482505915      -0.172457613466919     
  0.898437500000000      -0.229746601048741      -0.175699129602260     
  0.906250000000000      -0.233028129853298      -0.183927097409582     
  0.914062500000000      -0.231376704937336      -0.189958314752897     
  0.921875000000000      -0.229824276307197      -0.193747410434819     
  0.929687500000000      -0.229014484900431      -0.196143486070122     
  0.937500000000000      -0.229404095604160      -0.197606598247306     
  0.945312500000000      -0.231512050741410      -0.198577515812459     
  0.953125000000000      -0.236171796593273      -0.199787641431790     
  0.960937500000000      -0.244300093387802      -0.205334076621365     
  0.968750000000000      -0.248190750119127      -0.213794579644489     
  0.976562500000000      -0.251177848878601      -0.221872178027762     
  0.984375000000000      -0.253962044293736      -0.230165877256031     
  0.992187500000000      -0.256740237144057      -0.239046536701814     
   1.00000000000000      -0.259522832699741      -0.248903096203679     
   1.00781250000000      -0.262085327365026      -0.260222372476426     
   1.01562500000000      -0.263472881091335      -0.273651466581638     
   1.02343750000000      -0.262696029472475      -0.286674890256526     
   1.03125000000000      -0.261992318490918      -0.300579620796465     
   1.03906250000000      -0.260420352151677      -0.315976182955963     
   1.04687500000000      -0.257400740257979      -0.333146903393300     
   1.05468750000000      -0.252122953472449      -0.352367642761800     
   1.06250000000000      -0.243267166582686      -0.373850361529911     
   1.07031250000000      -0.228351290650329      -0.397538588216293     
   1.07812500000000      -0.198397003956064      -0.419658832738288     
   1.08593750000000      -0.169959558069189      -0.421469595902403     
   1.09375000000000      -0.147760674566038      -0.420981124733122     
   1.10156250000000      -0.128529205163632      -0.418907740312120     
   1.10937500000000      -0.111551947498188      -0.415555897234529     
   1.11718750000000      -9.667013693970050E-002 -0.411189086737507     
   1.12500000000000      -8.398319399608485E-002 -0.406175383354626     
   1.13281250000000      -7.375068000744132E-002 -0.401171995800329     
   1.14062500000000      -6.657754663956661E-002 -0.397959278899085     
   1.14843750000000      -5.639125345636103E-002 -0.398107400371315     
   1.15625000000000      -4.579550649306904E-002 -0.396366122582968     
   1.16406250000000      -3.539771231604404E-002 -0.394132660498515     
   1.17187500000000      -2.511739288029350E-002 -0.391514849591817     
   1.17968750000000      -1.492565009539869E-002 -0.388413263637710     
   1.18750000000000      -4.909821401913169E-003 -0.384629189023997     
   1.19531250000000       4.630685056936215E-003 -0.379889457533526     
   1.20312500000000       1.286211014154463E-002 -0.373829152983159     
   1.21093750000000       1.612558796861162E-002 -0.368646494979415     
   1.21875000000000       2.141511491580054E-002 -0.368666554639330     
   1.22656250000000       2.898037018309611E-002 -0.369040967965557     
   1.23437500000000       3.825178329769709E-002 -0.369257140375433     
   1.24218750000000       4.910487549737955E-002 -0.368907248746644     
   1.25000000000000       6.150321341060403E-002 -0.367531764252796     
   1.25781250000000       7.539773502827912E-002 -0.364536604371213     
   1.26562500000000       9.063986620178309E-002 -0.359076155786170     
   1.27343750000000       0.106843287319196      -0.349693738382037     
   1.28125000000000       0.119171424456995      -0.332178523756107     
   1.28906250000000       0.123461244348015      -0.318529483356916     
   1.29687500000000       0.127259800162884      -0.307348064410080     
   1.30468750000000       0.130790154880219      -0.297269013929826     
   1.31250000000000       0.134101998360735      -0.287793346705570     
   1.32031250000000       0.137184113063281      -0.278656483035494     
   1.32812500000000       0.139992313722380      -0.269707043379400     
   1.33593750000000       0.142485149132554      -0.260884309629993     
   1.34375000000000       0.144827153467710      -0.252166685993270     
   1.35156250000000       0.147369258789457      -0.241826545317829     
   1.35937500000000       0.144961682800030      -0.232762728768915     
   1.36718750000000       0.143908664715423      -0.226449850503272     
   1.37500000000000       0.143642433887014      -0.220821039068530     
   1.38281250000000       0.143938387146413      -0.215496220951512     
   1.39062500000000       0.144674097246565      -0.210264730222333     
   1.39843750000000       0.145754912108024      -0.204966534673018     
   1.40625000000000       0.147083230131570      -0.199455153366697     
   1.41406250000000       0.148532320777938      -0.193577442674677     
   1.42187500000000       0.149903788424764      -0.187143803656888     
   1.42968750000000       0.150736149421970      -0.179658486411282     
   1.43750000000000       0.149083943233923      -0.173141951280322     
   1.44531250000000       0.147993084386168      -0.168037762370627     
   1.45312500000000       0.147335378460473      -0.163465932551295     
   1.46093750000000       0.147121980250524      -0.159205917522016     
   1.46875000000000       0.147413009598792      -0.155086097640715     
   1.47656250000000       0.148284164480989      -0.150892280596621     
   1.48437500000000       0.149772811179490      -0.146311354545905     
   1.49218750000000       0.151773164779952      -0.140905545581802     
   1.50000000000000       0.153874403136146      -0.134166460295320     
   1.50781250000000       0.155165789091350      -0.125666909282921     
   1.51562500000000       0.153053471567991      -0.116537240314947     
   1.52343750000000       0.150484462943531      -0.109820677875690     
   1.53125000000000       0.148121173061039      -0.103531934918877     
   1.53906250000000       0.145699040978866      -9.738308125852933E-002
   1.54687500000000       0.143063813336451      -9.128612660313248E-002
   1.55468750000000       0.140087072896415      -8.522517282322417E-002
   1.56250000000000       0.136644715955745      -7.923257307644754E-002
   1.57031250000000       0.132607684018760      -7.338942316973562E-002
   1.57812500000000       0.127834212261490      -6.784142095140984E-002
   1.58593750000000       0.122151010047654      -6.284429163588988E-002
   1.59375000000000       0.115245720903283      -5.895716991137572E-002
   1.60156250000000       0.108617483421590      -5.872523404168609E-002
   1.60937500000000       0.104667525524649      -5.814011601413402E-002
   1.61718750000000       0.101114938356990      -5.709514518718979E-002
   1.62500000000000       9.768109672115913E-002 -5.588264606964152E-002
   1.63281250000000       9.424143761420994E-002 -5.464722820746669E-002
   1.64062500000000       9.072253274412147E-002 -5.350102739926337E-002
   1.64843750000000       8.707859716858878E-002 -5.255394523841551E-002
   1.65625000000000       8.328498547111790E-002 -5.192921346105564E-002
   1.66406250000000       7.933763439037646E-002 -5.177909396901479E-002
   1.67187500000000       7.525450657929308E-002 -5.231529471177767E-002
   1.67968750000000       7.107237803950860E-002 -5.391159429278426E-002
   1.68750000000000       6.711188662888992E-002 -5.839114143068429E-002
   1.69531250000000       6.845424446768440E-002 -6.243020882228609E-002
   1.70312500000000       7.003437873938621E-002 -6.424332507086387E-002
   1.71093750000000       7.164237936228647E-002 -6.506681601621066E-002
   1.71875000000000       7.324960625490867E-002 -6.523415214711932E-002
   1.72656250000000       7.485446400046115E-002 -6.489816711190054E-002
   1.73437500000000       7.646341881008738E-002 -6.413679200724540E-002
   1.74218750000000       7.808661784024665E-002 -6.298568553649732E-002
   1.75000000000000       7.973757856769081E-002 -6.144869100566737E-002
   1.75781250000000       8.143531254378786E-002 -5.949556508195925E-002
   1.76562500000000       8.321031194885622E-002 -5.704144671236277E-002
   1.77343750000000       8.512287212286063E-002 -5.386520908855211E-002
   1.78125000000000       8.736923852300593E-002 -4.872924664018138E-002
   1.78906250000000       8.544966596174773E-002 -4.313480289683404E-002
   1.79687500000000       8.342269662287415E-002 -3.924898439055849E-002
   1.80468750000000       8.134676166616926E-002 -3.595126311347300E-002
   1.81250000000000       7.922455008337456E-002 -3.301612794006114E-002
   1.82031250000000       7.705468370907791E-002 -3.034584488728527E-002
   1.82812500000000       7.483544009472719E-002 -2.788971302525046E-002
   1.83593750000000       7.256585699202538E-002 -2.562001891668735E-002
   1.84375000000000       7.024643778395359E-002 -2.352238742373251E-002
   1.85156250000000       6.787997926545522E-002 -2.159129951473308E-002
   1.85937500000000       6.547296365726472E-002 -1.982798888842506E-002
   1.86718750000000       6.303865882557481E-002 -1.823999344984784E-002
   1.87500000000000       6.060762281493087E-002 -1.684393502861186E-002
   1.88281250000000       5.833126372147252E-002 -1.560434962118025E-002
   1.89062500000000       5.602171063049683E-002 -1.428775455088225E-002
   1.89843750000000       5.361920989889614E-002 -1.306902793701829E-002
   1.90625000000000       5.114693411938636E-002 -1.197291023707214E-002
   1.91406250000000       4.861281553363243E-002 -1.101653043433713E-002
   1.92187500000000       4.602224356176067E-002 -1.021733096180656E-002
   1.92968750000000       4.338057570009016E-002 -9.595316353398144E-003
   1.93750000000000       4.069421271444105E-002 -9.174795476607277E-003
   1.94531250000000       3.797140083950910E-002 -8.986741814905818E-003
   1.95312500000000       3.522317352631608E-002 -9.072914524502415E-003
   1.96093750000000       3.246488897693736E-002 -9.494290860734179E-003
   1.96875000000000       2.971955930770185E-002 -1.035174269905259E-002
   1.97656250000000       2.702826822965643E-002 -1.185490777409531E-002
   1.98437500000000       2.460556754746232E-002 -1.502422530074879E-002
   1.99218750000000       2.561071722640064E-002 -1.762303260308890E-002
   2.00000000000000       2.651027625494230E-002 -1.877840256293037E-002
   2.00781250000000       2.741347319108703E-002 -1.930354219370109E-002
   2.01562500000000       2.832574459277673E-002 -1.935230542305787E-002
   2.02343750000000       2.923433805322188E-002 -1.898002651427850E-002
   2.03125000000000       3.011583140756508E-002 -1.820485608676417E-002
   2.03906250000000       3.093710423385259E-002 -1.702621315540889E-002
   2.04687500000000       3.165435058487038E-002 -1.543217944571423E-002
   2.05468750000000       3.221079755936758E-002 -1.340255226528151E-002
   2.06250000000000       3.253262746104396E-002 -1.090897288758679E-002
   2.07031250000000       3.252104822648225E-002 -7.910809260010844E-003
   2.07812500000000       3.203352191952179E-002 -4.339964946728167E-003
   2.08593750000000       3.082186547152391E-002 -4.046042118721907E-005
   2.09375000000000       2.775197077665196E-002  5.875768349526005E-003
   2.10156250000000       2.133398987340247E-002  8.264600671657690E-003
   2.10937500000000       1.619976192109296E-002  9.052791627806372E-003
   2.11718750000000       1.161622741796735E-002  9.169085438417324E-003
   2.12500000000000       7.405175338400600E-003  8.831430368200945E-003
   2.13281250000000       3.483826287061446E-003  8.137871572324559E-003
   2.14062500000000      -1.929816497307909E-004  7.140472398826472E-003
   2.14843750000000      -3.650836467300427E-003  5.867991137335682E-003
   2.15625000000000      -6.903065222166498E-003  4.334800316303462E-003
   2.16406250000000      -9.953868684257225E-003  2.544429586700556E-003
   2.17187500000000      -1.279917789362423E-002  4.900653978613655E-004
   2.17968750000000      -1.542546863131213E-002 -1.847918461441528E-003
   2.18750000000000      -1.780521592015778E-002 -4.509696526390187E-003
   2.19531250000000      -1.988320506584063E-002 -7.578545231608177E-003
   2.20312500000000      -2.152035769018475E-002 -1.127314891109873E-002
   2.21093750000000      -2.114498381359415E-002 -1.594471953935418E-002
   2.21875000000000      -1.968553459182035E-002 -1.827632380185478E-002
   2.22656250000000      -1.862349037685281E-002 -1.989106041403896E-002
   2.23437500000000      -1.775809016716380E-002 -2.113204855365712E-002
   2.24218750000000      -1.702194371298823E-002 -2.211751889260742E-002
   2.25000000000000      -1.638205782241322E-002 -2.290747988216248E-002
   2.25781250000000      -1.582002063500968E-002 -2.353745258455165E-002
   2.26562500000000      -1.532521699648603E-002 -2.403020286781505E-002
   2.27343750000000      -1.489194323113421E-002 -2.440089130299330E-002
   2.28125000000000      -1.451809473234584E-002 -2.465961747909793E-002
   2.28906250000000      -1.420468727217621E-002 -2.481268640628858E-002
   2.29687500000000      -1.395604123689035E-002 -2.486304561946349E-002
   2.30468750000000      -1.378088801171247E-002 -2.480985003674579E-002
   2.31250000000000      -1.369560896925418E-002 -2.464632512819307E-002
   2.32031250000000      -1.373522537806180E-002 -2.435173214932552E-002
   2.32812500000000      -1.403972088969930E-002 -2.382579468265963E-002
   2.33593750000000      -1.490740030791097E-002 -2.378966518439586E-002
   2.34375000000000      -1.550286350320025E-002 -2.399258310334455E-002
   2.35156250000000      -1.600396016383743E-002 -2.424230438562352E-002
   2.35937500000000      -1.644959474191294E-002 -2.451084959972628E-002
   2.36718750000000      -1.685805057817949E-002 -2.478622096662032E-002
   2.37500000000000      -1.724023482955931E-002 -2.506216839568932E-002
   2.38281250000000      -1.760361972331740E-002 -2.533520001975541E-002
   2.39062500000000      -1.795386233777372E-002 -2.560340817415416E-002
   2.39843750000000      -1.829561130164683E-002 -2.586594901195956E-002
   2.40625000000000      -1.863297693711118E-002 -2.612282479325987E-002
   2.41406250000000      -1.896985930395882E-002 -2.637485425783086E-002
   2.42187500000000      -1.931024329302251E-002 -2.662382315062769E-002
   2.42968750000000      -1.965857046676050E-002 -2.687291507610750E-002
   2.43750000000000      -2.002041425291974E-002 -2.712778531913553E-002
   2.44531250000000      -2.040428863268464E-002 -2.739975094452539E-002
   2.45312500000000      -2.083131069645664E-002 -2.772281369708288E-002
   2.46093750000000      -2.115458297631456E-002 -2.821934971585940E-002
   2.46875000000000      -2.134038757314905E-002 -2.862867120402706E-002
   2.47656250000000      -2.148933758696476E-002 -2.897954327582202E-002
   2.48437500000000      -2.161620636309908E-002 -2.928271331671250E-002
   2.49218750000000      -2.172918865710775E-002 -2.954187733196812E-002
   2.50000000000000      -2.183432010499298E-002 -2.975822816069831E-002
   2.53125000000000      -2.228105961311745E-002 -3.017950660374008E-002
   2.56250000000000      -2.307867891638959E-002 -2.971812072716903E-002
   2.59375000000000      -2.644150442039461E-002 -2.774816302028253E-002
   2.62500000000000      -3.156434598785342E-002 -3.029432879644338E-002
   2.65625000000000      -3.514371949816485E-002 -3.447897861101290E-002
   2.68750000000000      -3.767625653132667E-002 -4.022043543776700E-002
   2.71875000000000      -3.700610545583616E-002 -4.988808573574272E-002
   2.75000000000000      -2.919401777727431E-002 -5.143520888307986E-002
   2.78125000000000      -2.629708356016409E-002 -5.150250549647235E-002
   2.81250000000000      -2.424320453628985E-002 -5.145822680232086E-002
   2.84375000000000      -2.274490297007527E-002 -5.129678369681698E-002
   2.87500000000000      -2.170925377093067E-002 -5.120102825119428E-002
   2.90625000000000      -2.071008130513022E-002 -5.122490692311252E-002
   2.93750000000000      -1.981141903305401E-002 -5.111473098075735E-002
   2.96875000000000      -1.911564135707818E-002 -5.088818397000718E-002
   3.00000000000000      -1.875613110870216E-002 -5.062083439578565E-002
   3.03125000000000      -1.908611234699928E-002 -5.093419963936281E-002
   3.06250000000000      -1.820366758979976E-002 -5.192173727350038E-002
   3.09375000000000      -1.692216280778106E-002 -5.229667356428680E-002
   3.12500000000000      -1.553096753885439E-002 -5.212461163982832E-002
   3.15625000000000      -1.426405568297715E-002 -5.129049414402903E-002
   3.18750000000000      -1.376824108050970E-002 -4.935217118888544E-002
   3.21875000000000      -1.524282834343743E-002 -4.909327170630524E-002
   3.25000000000000      -1.568029158887694E-002 -4.957955870805900E-002
   3.28125000000000      -1.569826877730126E-002 -5.016217405515355E-002
   3.31250000000000      -1.543513688552038E-002 -5.072254086363857E-002
   3.34375000000000      -1.496385654107094E-002 -5.118216220958628E-002
   3.37500000000000      -1.447700263939932E-002 -5.143778399421410E-002
   3.40625000000000      -1.400411285566742E-002 -5.178566084320853E-002
   3.43750000000000      -1.338956859368515E-002 -5.214933958880023E-002
   3.46875000000000      -1.260156075133911E-002 -5.246740687032395E-002
   3.50000000000000      -1.159305411162962E-002 -5.266046252489745E-002
   3.53125000000000      -1.021912372954811E-002 -5.252012678004877E-002
   3.56250000000000      -9.435389050498387E-003 -5.133045915347535E-002
   3.59375000000000      -9.270434101414206E-003 -5.060072692924821E-002
   3.62500000000000      -9.222058605967408E-003 -5.009486387594445E-002
   3.65625000000000      -9.231728735616016E-003 -4.973680489288777E-002
   3.68750000000000      -9.283191545190576E-003 -4.950127336546408E-002
   3.71875000000000      -9.399689097542571E-003 -4.942670688896383E-002
   3.75000000000000      -9.198773355288710E-003 -4.959311547077453E-002
   3.78125000000000      -8.902007756320728E-003 -4.950527108114595E-002
   3.81250000000000      -8.655039452667703E-003 -4.929858205541945E-002
   3.84375000000000      -8.499751877280472E-003 -4.899600148413735E-002
   3.87500000000000      -8.496351763056402E-003 -4.859595150063181E-002
   3.90625000000000      -8.796014232772322E-003 -4.805806937833350E-002
   3.93750000000000      -9.999196107608684E-003 -4.804451649210948E-002
   3.96875000000000      -1.068178004595218E-002 -4.888599105870117E-002
   4.00000000000000      -1.100646749829845E-002 -4.991470392011894E-002
   4.03125000000000      -1.104199831594750E-002 -5.108351815089861E-002
   4.06250000000000      -1.078410943285463E-002 -5.237280074608914E-002
   4.09375000000000      -1.018399948475473E-002 -5.378156347548206E-002
   4.12500000000000      -8.984044563644477E-003 -5.543561818454091E-002
   4.15625000000000      -6.999344733401921E-003 -5.610884075135418E-002
   4.18750000000000      -5.249733586873190E-003 -5.635776604016528E-002
   4.21875000000000      -3.550753470438262E-003 -5.632008068784721E-002
   4.25000000000000      -1.892711776180757E-003 -5.599826038924347E-002
   4.28125000000000      -3.006967537878697E-004 -5.536326623055055E-002
   4.31250000000000       1.168626370422780E-003 -5.433923247996551E-002
   4.34375000000000       2.185006416880768E-003 -5.251217237780056E-002
   4.37500000000000       1.898113927513961E-003 -5.139217093785262E-002
   4.40625000000000       1.780927582818438E-003 -5.080973475998651E-002
   4.43750000000000       1.757004559957487E-003 -5.046039381056756E-002
   4.46875000000000       1.815602212716076E-003 -5.026895672598913E-002
   4.50000000000000       1.964477162467686E-003 -5.020654850302228E-002
   4.53125000000000       2.234123122361105E-003 -5.027015833527352E-002
   4.56250000000000       2.745637198018507E-003 -5.051120293825189E-002
   4.59375000000000       3.804272517563423E-003 -5.028119716001681E-002
   4.62500000000000       4.488207519501618E-003 -4.975048618342544E-002
   4.65625000000000       5.017872117516782E-003 -4.919660832729265E-002
   4.68750000000000       5.447458360223648E-003 -4.863879246918352E-002
   4.71875000000000       5.795851066489769E-003 -4.808141718791187E-002
   4.75000000000000       6.063866191780075E-003 -4.752346128675435E-002
   4.78125000000000       6.226477630227625E-003 -4.695939602324126E-002
   4.81250000000000       6.089771645874121E-003 -4.647602872857545E-002
   4.84375000000000       6.110782838582682E-003 -4.641546973919630E-002
   4.87500000000000       6.298801694108587E-003 -4.634381990547550E-002
   4.90625000000000       6.569245114895657E-003 -4.625621610349726E-002
   4.93750000000000       6.898085558458400E-003 -4.614853686699728E-002
   4.96875000000000       7.274813600182965E-003 -4.601562147957059E-002
   5.00000000000000       7.695513966099914E-003 -4.584957644536243E-002
   5.03125000000000       8.163889007902086E-003 -4.563418405335225E-002
   5.06250000000000       8.685514041483395E-003 -4.525924069921290E-002
   5.09375000000000       8.983584432549273E-003 -4.483543678641098E-002
   5.12500000000000       9.244672700633937E-003 -4.448458762416881E-002
   5.15625000000000       9.490516467148982E-003 -4.417315484260111E-002
   5.18750000000000       9.728235308889577E-003 -4.389640795047127E-002
   5.21875000000000       9.963758244176623E-003 -4.365803650782019E-002
   5.25000000000000       1.020557026280059E-002 -4.346931012351529E-002
   5.28125000000000       1.047083434106575E-002 -4.335587873549573E-002
   5.31250000000000       1.081741702937396E-002 -4.340207877033671E-002
   5.34375000000000       1.169275860047782E-002 -4.334550276824471E-002
   5.37500000000000       1.245729162249052E-002 -4.288092465448481E-002
   5.40625000000000       1.311134013935073E-002 -4.228397061130326E-002
   5.43750000000000       1.367018527056712E-002 -4.159254211085597E-002
   5.46875000000000       1.413308934815849E-002 -4.082220545667323E-002
   5.50000000000000       1.449052090364094E-002 -3.997974927547746E-002
   5.53125000000000       1.472189702020237E-002 -3.906524458378662E-002
   5.56250000000000       1.478147994833841E-002 -3.806739364160870E-002
   5.59375000000000       1.448213986014084E-002 -3.691354009534959E-002
   5.62500000000000       1.368645915858616E-002 -3.651805762369158E-002
   5.65625000000000       1.329204811925998E-002 -3.635751850324564E-002
   5.68750000000000       1.304223443041544E-002 -3.625770025773328E-002
   5.71875000000000       1.288728433785245E-002 -3.619675730793769E-002
   5.75000000000000       1.280699390765104E-002 -3.616616101882727E-002
   5.78125000000000       1.279329629963074E-002 -3.616287805399013E-002
   5.81250000000000       1.284668821680537E-002 -3.618785859545776E-002
   5.84375000000000       1.297931139576396E-002 -3.624768756284917E-002
   5.87500000000000       1.324074558313698E-002 -3.636746455553252E-002
   5.90625000000000       1.384134720815188E-002 -3.629742317065889E-002
   5.93750000000000       1.428361000973022E-002 -3.596505760259942E-002
   5.96875000000000       1.464055822708289E-002 -3.558260152558466E-002
   6.00000000000000       1.494096595577865E-002 -3.516726079132251E-002
   6.03125000000000       1.519385002370310E-002 -3.472637474108403E-002
   6.06250000000000       1.540128494928609E-002 -3.426422272099189E-002
   6.09375000000000       1.556095518328779E-002 -3.378379483626642E-002
   6.12500000000000       1.566553644696450E-002 -3.328749486341432E-002
   6.15625000000000       1.569727143132106E-002 -3.277750324881017E-002
   6.18750000000000       1.558250438504641E-002 -3.225558082891097E-002
   6.21875000000000       1.539892179729006E-002 -3.205105617624096E-002
   6.25000000000000       1.538267752853438E-002 -3.185839953178272E-002
   6.28125000000000       1.541585049328391E-002 -3.165302174261556E-002
   6.31250000000000       1.547602071274263E-002 -3.143545047520883E-002
   6.34375000000000       1.555291136833133E-002 -3.120621602299943E-002
   6.37500000000000       1.564078384961136E-002 -3.096567039427656E-002
   6.40625000000000       1.573630833389296E-002 -3.071382072906823E-002
   6.43750000000000       1.583796990724595E-002 -3.044995441639040E-002
   6.46875000000000       1.594659661746260E-002 -3.017145311185004E-002
   6.50000000000000       1.607029070015005E-002 -2.986693843012974E-002
   6.53125000000000       1.614408303775873E-002 -2.947787957530666E-002
   6.56250000000000       1.615125319988100E-002 -2.913498400807332E-002
   6.59375000000000       1.614611147068737E-002 -2.881616882775805E-002
   6.62500000000000       1.613238029057927E-002 -2.851245380903168E-002
   6.65625000000000       1.611086543172939E-002 -2.822010482193714E-002
   6.68750000000000       1.608123559277861E-002 -2.793716677214395E-002
   6.71875000000000       1.604229976104155E-002 -2.766257290420703E-002
   6.75000000000000       1.599177620915031E-002 -2.739585514202415E-002
   6.78125000000000       1.592538257506347E-002 -2.713713957210626E-002
   6.81250000000000       1.583363277998880E-002 -2.688758555419976E-002
   6.84375000000000       1.567385151813953E-002 -2.665377534628669E-002
   6.87500000000000       1.553483156571680E-002 -2.659767197067350E-002
   6.90625000000000       1.548511905251343E-002 -2.653434750190286E-002
   6.93750000000000       1.547058974740096E-002 -2.646860450307165E-002
   6.96875000000000       1.548146021351773E-002 -2.640255859289731E-002
   7.00000000000000       1.551398259217976E-002 -2.633749764492155E-002
   7.03125000000000       1.556702625247880E-002 -2.627452244773374E-002
   7.06250000000000       1.564130081505835E-002 -2.621482080101226E-002
   7.09375000000000       1.573951657773492E-002 -2.615992584411212E-002
   7.12500000000000       1.586755630511411E-002 -2.611216952493854E-002
   7.15625000000000       1.603844324806011E-002 -2.607591683089178E-002
   7.18750000000000       1.629384998656956E-002 -2.606391472522831E-002
   7.21875000000000       1.674128118074669E-002 -2.586786795163269E-002
   7.25000000000000       1.703683719963887E-002 -2.552274563365830E-002
   7.28125000000000       1.726238360819399E-002 -2.515386441906347E-002
   7.31250000000000       1.744012115696716E-002 -2.476912246665585E-002
   7.34375000000000       1.757835061426755E-002 -2.437201872166637E-002
   7.37500000000000       1.768058030718634E-002 -2.396450839725232E-002
   7.40625000000000       1.774771624211437E-002 -2.354773360000908E-002
   7.43750000000000       1.777860028959420E-002 -2.312224451534798E-002
   7.46875000000000       1.776967410321596E-002 -2.268796939484585E-002
   7.50000000000000       1.771339660581974E-002 -2.224386092757617E-002
   7.53125000000000       1.759271107108191E-002 -2.178653848231009E-002
   7.56250000000000       1.734333358188302E-002 -2.130054314597152E-002
   7.59375000000000       1.691924479658527E-002 -2.110733409953287E-002
   7.62500000000000       1.667442440803905E-002 -2.101390108597785E-002
   7.65625000000000       1.649500861395178E-002 -2.093929428288368E-002
   7.68750000000000       1.635829970120412E-002 -2.087700846277034E-002
   7.71875000000000       1.625474844053948E-002 -2.082415982147022E-002
   7.75000000000000       1.617963508840111E-002 -2.077918808587034E-002
   7.78125000000000       1.613079974218866E-002 -2.074121390446450E-002
   7.81250000000000       1.610791774032607E-002 -2.070981364144475E-002
   7.84375000000000       1.611249407931364E-002 -2.068497447622438E-002
   7.87500000000000       1.614861320109522E-002 -2.066721277762059E-002
   7.90625000000000       1.622550463255023E-002 -2.065805353943127E-002
   7.93750000000000       1.636888623824228E-002 -2.066224230593406E-002
   7.96875000000000       1.669533144302112E-002 -2.056866413990000E-002
   8.00000000000000       1.690627319799950E-002 -2.028514115637857E-002
   8.03125000000000       1.704430667306204E-002 -1.998847329803847E-002
   8.06250000000000       1.714006014028039E-002 -1.968470379092103E-002
   8.09375000000000       1.720410615229800E-002 -1.937586573989099E-002
   8.12500000000000       1.724130731337393E-002 -1.906287134242309E-002
   8.15625000000000       1.725387362199506E-002 -1.874612514017822E-002
   8.18750000000000       1.724234100209614E-002 -1.842572265367158E-002
   8.21875000000000       1.720582346847928E-002 -1.810150834745589E-002
   8.25000000000000       1.714179443197436E-002 -1.777304895074971E-002
   8.28125000000000       1.704519791276816E-002 -1.743949593841393E-002
   8.31250000000000       1.690577135624372E-002 -1.709916320850477E-002
   8.34375000000000       1.669684826510311E-002 -1.674776734741761E-002
   8.37500000000000       1.629542247842921E-002 -1.649138978263710E-002
   8.40625000000000       1.600976991210918E-002 -1.644390716103939E-002
   8.43750000000000       1.579997393452190E-002 -1.640865600205592E-002
   8.46875000000000       1.563083876548886E-002 -1.638007519289169E-002
   8.50000000000000       1.548994442061856E-002 -1.635616048685939E-002
   8.53125000000000       1.537092446792805E-002 -1.633586079904924E-002
   8.56250000000000       1.526997927298781E-002 -1.631853043491521E-002
   8.59375000000000       1.518465809625139E-002 -1.630373571970139E-002
   8.62500000000000       1.511332799552680E-002 -1.629116898889902E-002
   8.65625000000000       1.505491919850121E-002 -1.628060504914010E-002
   8.68750000000000       1.500881545122539E-002 -1.627187795066468E-002
   8.71875000000000       1.497486659740813E-002 -1.626487011920877E-002
   8.75000000000000       1.495363973164591E-002 -1.625951483496398E-002
   8.78125000000000       1.494799198587766E-002 -1.625584807966141E-002
   8.81250000000000       1.496187126589018E-002 -1.623734147093820E-002
   8.84375000000000       1.497145193541771E-002 -1.621204376915249E-002
   8.87500000000000       1.498474131862983E-002 -1.618744770893685E-002
   8.90625000000000       1.500362842389114E-002 -1.616366719687207E-002
   8.93750000000000       1.502908336581175E-002 -1.614077667057244E-002
   8.96875000000000       1.506188809309309E-002 -1.611884621276269E-002
   9.00000000000000       1.510285496900370E-002 -1.609795495179348E-002
   9.03125000000000       1.515295459276387E-002 -1.607820107455426E-002
   9.06250000000000       1.521344520800479E-002 -1.605971369803426E-002
   9.09375000000000       1.528605980023316E-002 -1.604267116102884E-002
   9.12500000000000       1.537333866464514E-002 -1.602733416069185E-002
   9.15625000000000       1.547932770671756E-002 -1.601411559241594E-002
   9.18750000000000       1.561139263740330E-002 -1.600376182614727E-002
   9.21875000000000       1.578720550368954E-002 -1.599804909590894E-002
   9.25000000000000       1.609360164750808E-002 -1.593561596743756E-002
   9.28125000000000       1.631897681701049E-002 -1.571016842150501E-002
   9.31250000000000       1.648126561615777E-002 -1.547837472895963E-002
   9.34375000000000       1.660948858476964E-002 -1.524320693361473E-002
   9.37500000000000       1.671320421024029E-002 -1.500567715379901E-002
   9.40625000000000       1.679712384318996E-002 -1.476630665803098E-002
   9.43750000000000       1.686390816495146E-002 -1.452541026138992E-002
   9.46875000000000       1.691510520786296E-002 -1.428319348947836E-002
   9.50000000000000       1.695153477114343E-002 -1.403979423176502E-002
   9.53125000000000       1.697344198225318E-002 -1.379530207552324E-002
   9.56250000000000       1.698051276050616E-002 -1.354976582031093E-002
   9.59375000000000       1.697175007269909E-002 -1.330319151149500E-002
   9.62500000000000       1.694510613016108E-002 -1.305552676754539E-002
   9.65625000000000       1.689645901976030E-002 -1.280661081889613E-002
   9.68750000000000       1.681579967618945E-002 -1.255597962262799E-002
   9.71875000000000       1.664860761574900E-002 -1.233104019547052E-002
   9.75000000000000       1.652078828311236E-002 -1.222413958887872E-002
   9.78125000000000       1.643431793355861E-002 -1.211940963297614E-002
   9.81250000000000       1.636636373375978E-002 -1.201564268604452E-002
   9.84375000000000       1.631004351302881E-002 -1.191248100485645E-002
   9.87500000000000       1.626198007000224E-002 -1.180975192467406E-002
   9.90625000000000       1.622019069135836E-002 -1.170735536245076E-002
   9.93750000000000       1.618339242926278E-002 -1.160522671668485E-002
   9.96875000000000       1.615070476603388E-002 -1.150332075962616E-002
   10.0000000000000       1.612150198907387E-002 -1.140160322380738E-002
   10.0312500000000       1.609533332166720E-002 -1.130004552448051E-002
   10.0625000000000       1.607187880579395E-002 -1.119862049474062E-002
   10.0937500000000       1.605092839700920E-002 -1.109729746036060E-002
   10.1250000000000       1.603238363424531E-002 -1.099603381353254E-002
   10.1562500000000       1.601630200096884E-002 -1.089475417639201E-002
   10.1875000000000       1.600311488244552E-002 -1.079326753647874E-002
   10.2187500000000       1.599421404747782E-002 -1.068839827434599E-002
   10.2500000000000       1.598215522786148E-002 -1.058062660069527E-002
   10.2812500000000       1.596971530137169E-002 -1.047370612163434E-002
   10.3125000000000       1.595764054000649E-002 -1.036731865900181E-002
   10.3437500000000       1.594618286363789E-002 -1.026136293677015E-002
   10.3750000000000       1.593548840259765E-002 -1.015579482279878E-002
   10.4062500000000       1.592567626457768E-002 -1.005059618873221E-002
   10.4375000000000       1.591686908578859E-002 -9.945764860095284E-003
   10.4687500000000       1.590921161202105E-002 -9.841311115584960E-003
   10.5000000000000       1.590288783964085E-002 -9.737257220200265E-003
   10.5312500000000       1.589814256587256E-002 -9.633639167012093E-003
   10.5625000000000       1.589531413956593E-002 -9.530511018212241E-003
   10.5937500000000       1.589489094195203E-002 -9.427953585640013E-003
   10.6250000000000       1.589762129781331E-002 -9.326092197595098E-003
   10.6562500000000       1.590476336744514E-002 -9.225137796094296E-003
   10.6875000000000       1.591881571398025E-002 -9.125507774244875E-003
   10.7187500000000       1.594733330391361E-002 -9.028458467914356E-003
   10.7500000000000       1.600521947383357E-002 -8.895654781835391E-003
   10.7812500000000       1.603245729004721E-002 -8.739844739547174E-003
   10.8125000000000       1.604653214247477E-002 -8.581934267970541E-003
   10.8437500000000       1.605185065871423E-002 -8.422703842030877E-003
   10.8750000000000       1.605019725271635E-002 -8.262488053148123E-003
   10.9062500000000       1.604249536026172E-002 -8.101474873051700E-003
   10.9375000000000       1.602926168858469E-002 -7.939784025826195E-003
   10.9687500000000       1.601077587600842E-002 -7.777497057835886E-003
   11.0000000000000       1.598715399002957E-002 -7.614671213913743E-003
   11.0312500000000       1.595837928444618E-002 -7.451346415579499E-003
   11.0625000000000       1.592430770962094E-002 -7.287548657638902E-003
   11.0937500000000       1.588465173907011E-002 -7.123291026353585E-003
   11.1250000000000       1.583893606674168E-002 -6.958572443667473E-003
   11.1562500000000       1.578640299579112E-002 -6.793373085064821E-003
   11.1875000000000       1.572580366615021E-002 -6.627642831951210E-003
   11.2187500000000       1.565485814790435E-002 -6.461269898063329E-003
   11.2500000000000       1.556827972233686E-002 -6.293963243977307E-003
   11.2812500000000       1.543779959859197E-002 -6.139762601138575E-003
   11.3125000000000       1.532791801352511E-002 -6.046283962440792E-003
   11.3437500000000       1.523976034884317E-002 -5.954120404993235E-003
   11.3750000000000       1.516157018882634E-002 -5.862568717368475E-003
   11.4062500000000       1.508975781519430E-002 -5.771424000310311E-003
   11.4375000000000       1.502254184642714E-002 -5.680591174098392E-003
   11.4687500000000       1.495886689256136E-002 -5.590019180840467E-003
   11.5000000000000       1.489804704938963E-002 -5.499679467145233E-003
   11.5312500000000       1.483961374928842E-002 -5.409556922935203E-003
   11.5625000000000       1.478324109315229E-002 -5.319645558779790E-003
   11.5937500000000       1.472870678607944E-002 -5.229946395367596E-003
   11.6250000000000       1.467587250482706E-002 -5.140466617256440E-003
   11.6562500000000       1.462467746719338E-002 -5.051219674701451E-003
   11.6875000000000       1.457514444062016E-002 -4.962226404971292E-003
   11.7187500000000       1.452740287765211E-002 -4.873517711277909E-003
   11.7500000000000       1.448174523680334E-002 -4.785140384479093E-003
   11.7812500000000       1.443876808568211E-002 -4.697171003807731E-003
   11.8125000000000       1.439981757356981E-002 -4.609758562806335E-003
   11.8437500000000       1.436985289576048E-002 -4.523391165364635E-003
   11.8750000000000       1.434956916705148E-002 -4.413691694145020E-003
   11.9062500000000       1.431369050543713E-002 -4.298269180741403E-003
   11.9375000000000       1.427185912244946E-002 -4.182350023545373E-003
   11.9687500000000       1.422585336783952E-002 -4.066121994771699E-003
   12.0000000000000       1.417640418240573E-002 -3.949672757753158E-003
   13.0000000000000       1.308591155298990E-002  0.000000000000000E+000
   14.0000000000000       1.215120358491920E-002  0.000000000000000E+000
   15.0000000000000       1.134112334592458E-002  0.000000000000000E+000
   16.0000000000000       1.063230313680430E-002  0.000000000000000E+000
   17.0000000000000       1.000687354052169E-002  0.000000000000000E+000
   18.0000000000000       9.450936121603819E-003  0.000000000000000E+000
   19.0000000000000       8.953518430993091E-003  0.000000000000000E+000
   20.0000000000000       8.505842509443437E-003  0.000000000000000E+000
   21.0000000000000       8.100802389946130E-003  0.000000000000000E+000
   22.0000000000000       7.732584099494033E-003  0.000000000000000E+000
   23.0000000000000       7.396384790820380E-003  0.000000000000000E+000
   24.0000000000000       7.088202091202864E-003  0.000000000000000E+000
   25.0000000000000       6.804674007554749E-003  0.000000000000000E+000
   26.0000000000000       6.542955776494951E-003  0.000000000000000E+000
   27.0000000000000       6.300624081069212E-003  0.000000000000000E+000
   28.0000000000000       6.075601792459598E-003  0.000000000000000E+000
   29.0000000000000       5.866098282374784E-003  0.000000000000000E+000
   30.0000000000000       5.670561672962291E-003  0.000000000000000E+000
   31.0000000000000       5.487640328673185E-003  0.000000000000000E+000
   32.0000000000000       5.316151568402148E-003  0.000000000000000E+000
   33.0000000000000       5.155056066329356E-003  0.000000000000000E+000
   34.0000000000000       5.003436770260846E-003  0.000000000000000E+000
   35.0000000000000       4.860481433967678E-003  0.000000000000000E+000
   36.0000000000000       4.725468060801910E-003  0.000000000000000E+000
   37.0000000000000       4.597752707807263E-003  0.000000000000000E+000
   38.0000000000000       4.476759215496545E-003  0.000000000000000E+000
   39.0000000000000       4.361970517663301E-003  0.000000000000000E+000
   40.0000000000000       4.252921254721718E-003  0.000000000000000E+000
   41.0000000000000       4.149191468021189E-003  0.000000000000000E+000
   42.0000000000000       4.050401194973065E-003  0.000000000000000E+000
   43.0000000000000       3.956205818345784E-003  0.000000000000000E+000
   44.0000000000000       3.866292049747017E-003  0.000000000000000E+000
   45.0000000000000       3.780374448641528E-003  0.000000000000000E+000
   46.0000000000000       3.698192395410190E-003  0.000000000000000E+000
   47.0000000000000       3.619507450826994E-003  0.000000000000000E+000
   48.0000000000000       3.544101045601432E-003  0.000000000000000E+000
   49.0000000000000       3.471772452834056E-003  0.000000000000000E+000
   50.0000000000000       3.402337003777375E-003  0.000000000000000E+000
   51.0000000000000       3.335624513507230E-003  0.000000000000000E+000
   52.0000000000000       3.271477888247476E-003  0.000000000000000E+000
   53.0000000000000       3.209751890356014E-003  0.000000000000000E+000
   54.0000000000000       3.150312040534606E-003  0.000000000000000E+000
   55.0000000000000       3.093033639797614E-003  0.000000000000000E+000
   56.0000000000000       3.037800896229799E-003  0.000000000000000E+000
   57.0000000000000       2.984506143664364E-003  0.000000000000000E+000
   58.0000000000000       2.933049141187392E-003  0.000000000000000E+000
   59.0000000000000       2.883336443879131E-003  0.000000000000000E+000
   60.0000000000000       2.835280836481146E-003  0.000000000000000E+000
   61.0000000000000       2.788800822768340E-003  0.000000000000000E+000
   62.0000000000000       2.743820164336593E-003  0.000000000000000E+000
   63.0000000000000       2.700267463315377E-003  0.000000000000000E+000
   64.0000000000000       2.658075784201074E-003  0.000000000000000E+000
   65.0000000000000       2.617182310597981E-003  0.000000000000000E+000
   66.0000000000000       2.577528033164678E-003  0.000000000000000E+000
   67.0000000000000       2.539057465505503E-003  0.000000000000000E+000
   68.0000000000000       2.501718385130423E-003  0.000000000000000E+000
   69.0000000000000       2.465461596940127E-003  0.000000000000000E+000
   70.0000000000000       2.430240716983839E-003  0.000000000000000E+000
   71.0000000000000       2.396011974491109E-003  0.000000000000000E+000
   72.0000000000000       2.362734030400955E-003  0.000000000000000E+000
   73.0000000000000       2.330367810806421E-003  0.000000000000000E+000
   74.0000000000000       2.298876353903632E-003  0.000000000000000E+000
   75.0000000000000       2.268224669184916E-003  0.000000000000000E+000
   76.0000000000000       2.238379607748273E-003  0.000000000000000E+000
   77.0000000000000       2.209309742712581E-003  0.000000000000000E+000
   78.0000000000000       2.180985258831650E-003  0.000000000000000E+000
   79.0000000000000       2.153377850492009E-003  0.000000000000000E+000
   80.0000000000000       2.126460627360859E-003  0.000000000000000E+000
   81.0000000000000       2.100208027023071E-003  0.000000000000000E+000
   82.0000000000000       2.074595734010594E-003  0.000000000000000E+000
   83.0000000000000       2.049600604685166E-003  0.000000000000000E+000
   84.0000000000000       2.025200597486532E-003  0.000000000000000E+000
   85.0000000000000       2.001374708104338E-003  0.000000000000000E+000
   86.0000000000000       1.978102909172892E-003  0.000000000000000E+000
   87.0000000000000       1.955366094124928E-003  0.000000000000000E+000
   88.0000000000000       1.933146024873508E-003  0.000000000000000E+000
   89.0000000000000       1.911425283020997E-003  0.000000000000000E+000
   90.0000000000000       1.890187224320764E-003  0.000000000000000E+000
   91.0000000000000       1.869415936141415E-003  0.000000000000000E+000
   92.0000000000000       1.849096197705095E-003  0.000000000000000E+000
   93.0000000000000       1.829213442891062E-003  0.000000000000000E+000
   94.0000000000000       1.809753725413497E-003  0.000000000000000E+000
   95.0000000000000       1.790703686198618E-003  0.000000000000000E+000
   96.0000000000000       1.772050522800716E-003  0.000000000000000E+000
   97.0000000000000       1.753781960709987E-003  0.000000000000000E+000
   98.0000000000000       1.735886226417028E-003  0.000000000000000E+000
   99.0000000000000       1.718352022109785E-003  0.000000000000000E+000
   100.000000000000       1.701168501888687E-003  0.000000000000000E+000
   101.000000000000       1.684325249394740E-003  0.000000000000000E+000
   102.000000000000       1.667812256753615E-003  0.000000000000000E+000
   103.000000000000       1.651619904746299E-003  0.000000000000000E+000
   104.000000000000       1.635738944123738E-003  0.000000000000000E+000
   105.000000000000       1.620160477989226E-003  0.000000000000000E+000
   106.000000000000       1.604875945178007E-003  0.000000000000000E+000
   107.000000000000       1.589877104568867E-003  0.000000000000000E+000
   108.000000000000       1.575156020267303E-003  0.000000000000000E+000
   109.000000000000       1.560705047604300E-003  0.000000000000000E+000
   110.000000000000       1.546516819898807E-003  0.000000000000000E+000
   111.000000000000       1.532584235935754E-003  0.000000000000000E+000
   112.000000000000       1.518900448114899E-003  0.000000000000000E+000
   113.000000000000       1.505458851228927E-003  0.000000000000000E+000
   114.000000000000       1.492253071832182E-003  0.000000000000000E+000
   115.000000000000       1.479276958164076E-003  0.000000000000000E+000
   116.000000000000       1.466524570593696E-003  0.000000000000000E+000
   117.000000000000       1.453990172554434E-003  0.000000000000000E+000
   118.000000000000       1.441668221939566E-003  0.000000000000000E+000
   119.000000000000       1.429553362931670E-003  0.000000000000000E+000
   120.000000000000       1.417640418240573E-003  0.000000000000000E+000
   121.000000000000       1.405924381726188E-003  0.000000000000000E+000
   122.000000000000       1.394400411384170E-003  0.000000000000000E+000
   123.000000000000       1.383063822673730E-003  0.000000000000000E+000
   124.000000000000       1.371910082168296E-003  0.000000000000000E+000
   125.000000000000       1.360934801510950E-003  0.000000000000000E+000
   126.000000000000       1.350133731657688E-003  0.000000000000000E+000
   127.000000000000       1.339502757392667E-003  0.000000000000000E+000
   128.000000000000       1.329037892100537E-003  0.000000000000000E+000
   129.000000000000       1.318735272781928E-003  0.000000000000000E+000
   130.000000000000       1.308591155298990E-003  0.000000000000000E+000
   131.000000000000       1.298601909838693E-003  0.000000000000000E+000
   132.000000000000       1.288764016582339E-003  0.000000000000000E+000
   133.000000000000       1.279074061570442E-003  0.000000000000000E+000
   134.000000000000       1.269528732752752E-003  0.000000000000000E+000
   135.000000000000       1.260124816213842E-003  0.000000000000000E+000
   136.000000000000       1.250859192565211E-003  0.000000000000000E+000
   137.000000000000       1.241728833495392E-003  0.000000000000000E+000
   138.000000000000       1.232730798470063E-003  0.000000000000000E+000
   139.000000000000       1.223862231574595E-003  0.000000000000000E+000
   140.000000000000       1.215120358491920E-003  0.000000000000000E+000
   141.000000000000       1.206502483608998E-003  0.000000000000000E+000
   142.000000000000       1.198005987245554E-003  0.000000000000000E+000
   143.000000000000       1.189628322999082E-003  0.000000000000000E+000
   144.000000000000       1.181367015200477E-003  0.000000000000000E+000
   145.000000000000       1.173219656474957E-003  0.000000000000000E+000
   146.000000000000       1.165183905403210E-003  0.000000000000000E+000
   147.000000000000       1.157257484278019E-003  0.000000000000000E+000
   148.000000000000       1.149438176951816E-003  0.000000000000000E+000
   149.000000000000       1.141723826770931E-003  0.000000000000000E+000
   150.000000000000       1.134112334592458E-003  0.000000000000000E+000
   151.000000000000       1.126601656879926E-003  0.000000000000000E+000
   152.000000000000       1.119189803874136E-003  0.000000000000000E+000
   153.000000000000       1.111874837835743E-003  0.000000000000000E+000
   154.000000000000       1.104654871356291E-003  0.000000000000000E+000
   155.000000000000       1.097528065734637E-003  0.000000000000000E+000
   156.000000000000       1.090492629415825E-003  0.000000000000000E+000
   157.000000000000       1.083546816489610E-003  0.000000000000000E+000
   158.000000000000       1.076688925246005E-003  0.000000000000000E+000
   159.000000000000       1.069917296785338E-003  0.000000000000000E+000
   160.000000000000       1.063230313680430E-003  0.000000000000000E+000
   161.000000000000       1.056626398688626E-003  0.000000000000000E+000
   162.000000000000       1.050104013511535E-003  0.000000000000000E+000
   163.000000000000       1.043661657600422E-003  0.000000000000000E+000
   164.000000000000       1.037297867005297E-003  0.000000000000000E+000
   165.000000000000       1.031011213265871E-003  0.000000000000000E+000
   166.000000000000       1.024800302342583E-003  0.000000000000000E+000
   167.000000000000       1.018663773586040E-003  0.000000000000000E+000
   168.000000000000       1.012600298743266E-003  0.000000000000000E+000
   169.000000000000       1.006608580999223E-003  0.000000000000000E+000
   170.000000000000       1.000687354052169E-003  0.000000000000000E+000
   171.000000000000       9.948353812214547E-004  0.000000000000000E+000
   172.000000000000       9.890514545864461E-004  0.000000000000000E+000
   173.000000000000       9.833343941553106E-004  0.000000000000000E+000
   174.000000000000       9.776830470624640E-004  0.000000000000000E+000
   175.000000000000       9.720962867935356E-004  0.000000000000000E+000
   176.000000000000       9.665730124367542E-004  0.000000000000000E+000
   177.000000000000       9.611121479597104E-004  0.000000000000000E+000
   178.000000000000       9.557126415104985E-004  0.000000000000000E+000
   179.000000000000       9.503734647422834E-004  0.000000000000000E+000
   180.000000000000       9.450936121603819E-004  0.000000000000000E+000
   181.000000000000       9.398721004909875E-004  0.000000000000000E+000
   182.000000000000       9.347079680707074E-004  0.000000000000000E+000
   183.000000000000       9.296002742561133E-004  0.000000000000000E+000
   184.000000000000       9.245480988525475E-004  0.000000000000000E+000
   185.000000000000       9.195505415614527E-004  0.000000000000000E+000
   186.000000000000       9.146067214455309E-004  0.000000000000000E+000
   187.000000000000       9.097157764110628E-004  0.000000000000000E+000
   188.000000000000       9.048768627067486E-004  0.000000000000000E+000
   189.000000000000       9.000891544384590E-004  0.000000000000000E+000
   190.000000000000       8.953518430993092E-004  0.000000000000000E+000
   191.000000000000       8.906641371144960E-004  0.000000000000000E+000
   192.000000000000       8.860252614003580E-004  0.000000000000000E+000
   193.000000000000       8.814344569371438E-004  0.000000000000000E+000
   194.000000000000       8.768909803549935E-004  0.000000000000000E+000
   195.000000000000       8.723941035326602E-004  0.000000000000000E+000
   196.000000000000       8.679431132085140E-004  0.000000000000000E+000
   197.000000000000       8.635373106033946E-004  0.000000000000000E+000
   198.000000000000       8.591760110548926E-004  0.000000000000000E+000
   199.000000000000       8.548585436626570E-004  0.000000000000000E+000
   200.000000000000       8.505842509443437E-004  0.000000000000000E+000
   201.000000000000       8.463524885018346E-004  0.000000000000000E+000
   202.000000000000       8.421626246973700E-004  0.000000000000000E+000
   203.000000000000       8.380140403392549E-004  0.000000000000000E+000
   204.000000000000       8.339061283768076E-004  0.000000000000000E+000
   205.000000000000       8.298382936042378E-004  0.000000000000000E+000
   206.000000000000       8.258099523731493E-004  0.000000000000000E+000
   207.000000000000       8.218205323133756E-004  0.000000000000000E+000
   208.000000000000       8.178694720618689E-004  0.000000000000000E+000
   209.000000000000       8.139562209993719E-004  0.000000000000000E+000
   210.000000000000       8.100802389946131E-004  0.000000000000000E+000
   211.000000000000       8.062409961557760E-004  0.000000000000000E+000
   212.000000000000       8.024379725890035E-004  0.000000000000000E+000
   213.000000000000       7.986706581637030E-004  0.000000000000000E+000
   214.000000000000       7.949385522844334E-004  0.000000000000000E+000
   215.000000000000       7.912411636691569E-004  0.000000000000000E+000
   216.000000000000       7.875780101336516E-004  0.000000000000000E+000
   217.000000000000       7.839486183818836E-004  0.000000000000000E+000
   218.000000000000       7.803525238021502E-004  0.000000000000000E+000
   219.000000000000       7.767892702688071E-004  0.000000000000000E+000
   220.000000000000       7.732584099494034E-004  0.000000000000000E+000
   221.000000000000       7.697595031170531E-004  0.000000000000000E+000
   222.000000000000       7.662921179678772E-004  0.000000000000000E+000
   223.000000000000       7.628558304433575E-004  0.000000000000000E+000
   224.000000000000       7.594502240574497E-004  0.000000000000000E+000
   225.000000000000       7.560748897283055E-004  0.000000000000000E+000
   226.000000000000       7.527294256144634E-004  0.000000000000000E+000
   227.000000000000       7.494134369553689E-004  0.000000000000000E+000
   228.000000000000       7.461265359160910E-004  0.000000000000000E+000
   229.000000000000       7.428683414361081E-004  0.000000000000000E+000
   230.000000000000       7.396384790820380E-004  0.000000000000000E+000
   231.000000000000       7.364365809041937E-004  0.000000000000000E+000
   232.000000000000       7.332622852968480E-004  0.000000000000000E+000
   233.000000000000       7.301152368620976E-004  0.000000000000000E+000
   234.000000000000       7.269950862772168E-004  0.000000000000000E+000
   235.000000000000       7.239014901653989E-004  0.000000000000000E+000
   236.000000000000       7.208341109697828E-004  0.000000000000000E+000
   237.000000000000       7.177926168306697E-004  0.000000000000000E+000
   238.000000000000       7.147766814658350E-004  0.000000000000000E+000
   239.000000000000       7.117859840538441E-004  0.000000000000000E+000
   240.000000000000       7.088202091202864E-004  0.000000000000000E+000
   241.000000000000       7.058790464268413E-004  0.000000000000000E+000
   242.000000000000       7.029621908630940E-004  0.000000000000000E+000
   243.000000000000       7.000693423410236E-004  0.000000000000000E+000
   244.000000000000       6.972002056920850E-004  0.000000000000000E+000
   245.000000000000       6.943544905668111E-004  0.000000000000000E+000
   246.000000000000       6.915319113368648E-004  0.000000000000000E+000
   247.000000000000       6.887321869994686E-004  0.000000000000000E+000
   248.000000000000       6.859550410841482E-004  0.000000000000000E+000
   249.000000000000       6.832002015617219E-004  0.000000000000000E+000
   250.000000000000       6.804674007554749E-004  0.000000000000000E+000
   251.000000000000       6.777563752544571E-004  0.000000000000000E+000
   252.000000000000       6.750668658288442E-004  0.000000000000000E+000
   253.000000000000       6.723986173473072E-004  0.000000000000000E+000
   254.000000000000       6.697513786963336E-004  0.000000000000000E+000
   255.000000000000       6.671249027014460E-004  0.000000000000000E+000
   256.000000000000       6.645189460502685E-004  0.000000000000000E+000
   257.000000000000       6.619332692173880E-004  0.000000000000000E+000
   258.000000000000       6.593676363909641E-004  0.000000000000000E+000
   259.000000000000       6.568218154010376E-004  0.000000000000000E+000
   260.000000000000       6.542955776494951E-004  0.000000000000000E+000
   261.000000000000       6.517886980416427E-004  0.000000000000000E+000
   262.000000000000       6.493009549193463E-004  0.000000000000000E+000
   263.000000000000       6.468321299956986E-004  0.000000000000000E+000
   264.000000000000       6.443820082911695E-004  0.000000000000000E+000
   265.000000000000       6.419503780712028E-004  0.000000000000000E+000
   266.000000000000       6.395370307852209E-004  0.000000000000000E+000
   267.000000000000       6.371417610069990E-004  0.000000000000000E+000
   268.000000000000       6.347643663763759E-004  0.000000000000000E+000
   269.000000000000       6.324046475422630E-004  0.000000000000000E+000
   270.000000000000       6.300624081069212E-004  0.000000000000000E+000
   271.000000000000       6.277374545714713E-004  0.000000000000000E+000
   272.000000000000       6.254295962826057E-004  0.000000000000000E+000
   273.000000000000       6.231386453804716E-004  0.000000000000000E+000
   274.000000000000       6.208644167476961E-004  0.000000000000000E+000
   275.000000000000       6.186067279595227E-004  0.000000000000000E+000
   276.000000000000       6.163653992350317E-004  0.000000000000000E+000
   277.000000000000       6.141402533894178E-004  0.000000000000000E+000
   278.000000000000       6.119311157872976E-004  0.000000000000000E+000
   279.000000000000       6.097378142970206E-004  0.000000000000000E+000
   280.000000000000       6.075601792459598E-004  0.000000000000000E+000
   281.000000000000       6.053980433767571E-004  0.000000000000000E+000
   282.000000000000       6.032512418044991E-004  0.000000000000000E+000
   283.000000000000       6.011196119748012E-004  0.000000000000000E+000
   284.000000000000       5.990029936227772E-004  0.000000000000000E+000
   285.000000000000       5.969012287328728E-004  0.000000000000000E+000
   286.000000000000       5.948141614995410E-004  0.000000000000000E+000
   287.000000000000       5.927416382887412E-004  0.000000000000000E+000
   288.000000000000       5.906835076002387E-004  0.000000000000000E+000
   289.000000000000       5.886396200306877E-004  0.000000000000000E+000
   290.000000000000       5.866098282374784E-004  0.000000000000000E+000
   291.000000000000       5.845939869033290E-004  0.000000000000000E+000
   292.000000000000       5.825919527016052E-004  0.000000000000000E+000
   293.000000000000       5.806035842623507E-004  0.000000000000000E+000
   294.000000000000       5.786287421390093E-004  0.000000000000000E+000
   295.000000000000       5.766672887758263E-004  0.000000000000000E+000
   296.000000000000       5.747190884759079E-004  0.000000000000000E+000
   297.000000000000       5.727840073699285E-004  0.000000000000000E+000
   298.000000000000       5.708619133854656E-004  0.000000000000000E+000
   299.000000000000       5.689526762169523E-004  0.000000000000000E+000
   300.000000000000       5.670561672962291E-004  0.000000000000000E+000
   301.000000000000       5.651722597636835E-004  0.000000000000000E+000
   302.000000000000       5.633008284399628E-004  0.000000000000000E+000
   303.000000000000       5.614417497982467E-004  0.000000000000000E+000
   304.000000000000       5.595949019370682E-004  0.000000000000000E+000
   305.000000000000       5.577601645536680E-004  0.000000000000000E+000
   306.000000000000       5.559374189178717E-004  0.000000000000000E+000
   307.000000000000       5.541265478464780E-004  0.000000000000000E+000
   308.000000000000       5.523274356781453E-004  0.000000000000000E+000
   309.000000000000       5.505399682487662E-004  0.000000000000000E+000
   310.000000000000       5.487640328673185E-004  0.000000000000000E+000
   311.000000000000       5.469995182921824E-004  0.000000000000000E+000
   312.000000000000       5.452463147079126E-004  0.000000000000000E+000
