  0.000000000000000E+000 -0.202164342357654       1.286811945394248E-007
  7.812500000000000E-003 -0.202456190532013      -1.228880772756945E-003
  1.562500000000000E-002 -0.203483860049216      -1.970144854419067E-003
  2.343750000000000E-002 -0.207420110952883      -3.191786829010544E-003
  3.125000000000000E-002 -0.216241706973023      -9.291668361654893E-003
  3.906250000000000E-002 -0.213901641581916      -2.441665229010914E-002
  4.687500000000000E-002 -0.202784291957764      -3.210108239159686E-002
  5.468750000000000E-002 -0.192315512307663      -3.586737735578145E-002
  6.250000000000000E-002 -0.192527715008446      -3.851972081014263E-002
  7.031250000000000E-002 -0.165195947741192      -3.279728266438516E-002
  7.812500000000000E-002 -0.172754304697619      -2.017259349250373E-002
  8.593750000000000E-002 -0.178940565711778      -1.831954861624651E-002
  9.375000000000000E-002 -0.182501974638296      -2.301757569249298E-002
  0.101562500000000      -0.177238593546823      -2.524027606674207E-002
  0.109375000000000      -0.173671298796550      -2.372528214455184E-002
  0.117187500000000      -0.172864387372897      -2.118943855947642E-002
  0.125000000000000      -0.171354385746782      -1.905261036232698E-002
  0.132812500000000      -0.172549783916573      -1.546215641243299E-002
  0.140625000000000      -0.174713807303532      -1.341992640689727E-002
  0.148437500000000      -0.177757339260310      -1.318735723900191E-002
  0.156250000000000      -0.179911332485961      -1.380402332205930E-002
  0.164062500000000      -0.181304465076488      -1.554818109885845E-002
  0.171875000000000      -0.181469714896738      -1.642915138472851E-002
  0.179687500000000      -0.182016274418954      -1.671254964233668E-002
  0.187500000000000      -0.182559502368920      -1.691157058417074E-002
  0.195312500000000      -0.183669311234637      -1.654656475637627E-002
  0.203125000000000      -0.185671011786550      -1.760109453664845E-002
  0.210937500000000      -0.186654699688484      -1.884277756779401E-002
  0.218750000000000      -0.187485829556266      -1.984673540025360E-002
  0.226562500000000      -0.188244161445802      -2.081753492511493E-002
  0.234375000000000      -0.189084920171607      -2.159677049539725E-002
  0.242187500000000      -0.190072411014054      -2.288092785425085E-002
  0.250000000000000      -0.190360036250772      -2.401094137009549E-002
  0.257812500000000      -0.190235719900348      -2.430020685337517E-002
  0.265625000000000      -0.191559812959887      -2.395467135057821E-002
  0.273437500000000      -0.192962913831574      -2.401086008127995E-002
  0.281250000000000      -0.195134076694793      -2.355939382924836E-002
  0.289062500000000      -0.197876648631129      -2.468322487792851E-002
  0.296875000000000      -0.200244557968631      -2.555615100055337E-002
  0.304687500000000      -0.203329918245688      -2.587927277834106E-002
  0.312500000000000      -0.208323549008292      -2.806218308823883E-002
  0.320312500000000      -0.212638708745557      -3.208726072502970E-002
  0.328125000000000      -0.215784782698424      -3.815809832502605E-002
  0.335937500000000      -0.215116030271119      -4.332794664797727E-002
  0.343750000000000      -0.215399957073900      -4.714065939499108E-002
  0.351562500000000      -0.214978523380756      -5.127138730825781E-002
  0.359375000000000      -0.212279011022079      -5.309997953795670E-002
  0.367187500000000      -0.213247058712007      -5.220034755686381E-002
  0.375000000000000      -0.216852238740227      -5.186883696314196E-002
  0.382812500000000      -0.224017668174004      -5.340959755887669E-002
  0.390625000000000      -0.229521088187786      -6.194059360754597E-002
  0.398437500000000      -0.232330490430622      -6.901180113736212E-002
  0.406250000000000      -0.235331493901099      -7.688305473888041E-002
  0.414062500000000      -0.237396143676218      -8.757309743006446E-002
  0.421875000000000      -0.235920170731166      -9.661507028321495E-002
  0.429687500000000      -0.235681119894325      -0.106173262786625     
  0.437500000000000      -0.235146868361818      -0.118096212397845     
  0.445312500000000      -0.231463382425457      -0.136182620483895     
  0.453125000000000      -0.216515901892517      -0.148632167425535     
  0.460937500000000      -0.202146138936644      -0.156538916405349     
  0.468750000000000      -0.186842813889492      -0.162010523443887     
  0.476562500000000      -0.169003180549057      -0.164497558053082     
  0.484375000000000      -0.152584624397785      -0.158480151608472     
  0.492187500000000      -0.140888981131365      -0.151285075166719     
  0.500000000000000      -0.131338819649377      -0.143243048426171     
  0.507812500000000      -0.123480213613527      -0.133648805713786     
  0.515625000000000      -0.120885705086041      -0.121963109656414     
  0.523437500000000      -0.120871609411048      -0.114516464307233     
  0.531250000000000      -0.120737913770067      -0.108422447876404     
  0.539062500000000      -0.120639826309319      -0.102567288661317     
  0.546875000000000      -0.121297658512185      -9.549299149193859E-002
  0.554687500000000      -0.125639908600848      -9.076256343697546E-002
  0.562500000000000      -0.129065117317626      -8.806356054215093E-002
  0.570312500000000      -0.132060473414393      -8.612725537777963E-002
  0.578125000000000      -0.134903171764106      -8.459028278258504E-002
  0.585937500000000      -0.138398031629287      -8.340110842960415E-002
  0.593750000000000      -0.141498959718585      -8.392553224354797E-002
  0.601562500000000      -0.143842908032685      -8.472080711552803E-002
  0.609375000000000      -0.145875214094132      -8.559675297023041E-002
  0.617187500000000      -0.148012222640491      -8.654164384657805E-002
  0.625000000000000      -0.151162093270445      -8.896553486614116E-002
  0.632812500000000      -0.151501168092660      -9.273171940429162E-002
  0.640625000000000      -0.150668581108749      -9.569393673289710E-002
  0.648437500000000      -0.148968930554055      -9.791708074275381E-002
  0.656250000000000      -0.146503360815645      -9.902244852814288E-002
  0.664062500000000      -0.143480670126886      -9.756195882915558E-002
  0.671875000000000      -0.145577206507447      -9.528412855153319E-002
  0.679687500000000      -0.147702757258897      -9.577913489806320E-002
  0.687500000000000      -0.149602966139889      -9.754732411581554E-002
  0.695312500000000      -0.151004546487738      -0.100833797149319     
  0.703125000000000      -0.150215915018802      -0.106339421267293     
  0.710937500000000      -0.143134009795547      -0.108206667180782     
  0.718750000000000      -0.140679493621764      -0.106078211907339     
  0.726562500000000      -0.139564297030659      -0.104582517503217     
  0.734375000000000      -0.139052281771366      -0.103295684766510     
  0.742187500000000      -0.139119399254547      -0.102050696321835     
  0.750000000000000      -0.140221071291778      -0.100805502009713     
  0.757812500000000      -0.142892143525222      -0.102506260444056     
  0.765625000000000      -0.142483877110085      -0.105347004750494     
  0.773437500000000      -0.140554673366380      -0.107778470477610     
  0.781250000000000      -0.137093619149990      -0.109523229285425     
  0.789062500000000      -0.131793851415008      -0.109790172449334     
  0.796875000000000      -0.124358894353587      -0.106542888978775     
  0.804687500000000      -0.121496505054692      -9.440135363112004E-002
  0.812500000000000      -0.125851944640782      -8.701522015191830E-002
  0.820312500000000      -0.130728872266248      -8.188042086634624E-002
  0.828125000000000      -0.136161320575964      -7.777003688887570E-002
  0.835937500000000      -0.142463957512227      -7.426186447796146E-002
  0.843750000000000      -0.150468161196311      -7.129565474384909E-002
  0.851562500000000      -0.162980445729806      -7.239814972864395E-002
  0.859375000000000      -0.168446179296659      -7.845757927399105E-002
  0.867187500000000      -0.172532624755050      -8.216835572202633E-002
  0.875000000000000      -0.176619123111304      -8.505633182879103E-002
  0.882812500000000      -0.181184287688505      -8.767594530616099E-002
  0.890625000000000      -0.186624739783232      -9.055799793149377E-002
  0.898437500000000      -0.193443520704388      -9.477013554829372E-002
  0.906250000000000      -0.198753572267843      -0.104383187592569     
  0.914062500000000      -0.198956240742321      -0.111046907955159     
  0.921875000000000      -0.199520040028744      -0.115601217008808     
  0.929687500000000      -0.200881120831570      -0.119125128580296     
  0.937500000000000      -0.203294701777478      -0.122223417426130     
  0.945312500000000      -0.206951940668330      -0.125449131436839     
  0.953125000000000      -0.212022048025116      -0.129512391813410     
  0.960937500000000      -0.217968980668564      -0.136452712789182     
  0.968750000000000      -0.221689395339528      -0.144206425685029     
  0.976562500000000      -0.225275481860252      -0.152020008298161     
  0.984375000000000      -0.228927748180964      -0.160420231797331     
  0.992187500000000      -0.232622006278114      -0.169790395838640     
   1.00000000000000      -0.236168564068350      -0.180561620345742     
   1.00781250000000      -0.239063159802819      -0.193304388346794     
   1.01562500000000      -0.239578007641279      -0.209061418246268     
   1.02343750000000      -0.235074581502473      -0.221518574062256     
   1.03125000000000      -0.232579389326639      -0.233001139491540     
   1.03906250000000      -0.230293683310777      -0.245348213332382     
   1.04687500000000      -0.227548865600130      -0.259002626360104     
   1.05468750000000      -0.223652134413624      -0.274321552674365     
   1.06250000000000      -0.217591243012992      -0.291615017043861     
   1.07031250000000      -0.207544527114175      -0.311031929014390     
   1.07812500000000      -0.187369280665872      -0.330468232285064     
   1.08593750000000      -0.166580988298154      -0.337044227943531     
   1.09375000000000      -0.149162895187664      -0.341918156892611     
   1.10156250000000      -0.132903628813643      -0.345787883384367     
   1.10937500000000      -0.117109663598561      -0.348828107072857     
   1.11718750000000      -0.101368461652996      -0.351033699329541     
   1.12500000000000      -8.534831328627543E-002 -0.352246255664335     
   1.13281250000000      -6.870347378470702E-002 -0.352052582219854     
   1.14062500000000      -5.072222519973984E-002 -0.349038911034152     
   1.14843750000000      -3.739602751892866E-002 -0.341234369047848     
   1.15625000000000      -2.664547664883170E-002 -0.335240995380819     
   1.16406250000000      -1.676652438984046E-002 -0.329870722165393     
   1.17187500000000      -7.363355631623370E-003 -0.324739012175258     
   1.17968750000000       1.728623780897835E-003 -0.319557532820196     
   1.18750000000000       1.052704860354291E-002 -0.314056597819423     
   1.19531250000000       1.888826707751668E-002 -0.307954632796664     
   1.20312500000000       2.636305657160185E-002 -0.300905581990554     
   1.21093750000000       3.064837562795644E-002 -0.293480529226689     
   1.21875000000000       3.457613092427592E-002 -0.289303066681336     
   1.22656250000000       3.937552387065636E-002 -0.285906770832091     
   1.23437500000000       4.485979075211763E-002 -0.282805824668222     
   1.24218750000000       5.099374276551982E-002 -0.279702488086427     
   1.25000000000000       5.776306382761849E-002 -0.276323950342656     
   1.25781250000000       6.513659749758106E-002 -0.272366654813229     
   1.26562500000000       7.303159480831645E-002 -0.267443680161923     
   1.27343750000000       8.125903155075929E-002 -0.260945169915940     
   1.28125000000000       8.789120556463302E-002 -0.251171436004940     
   1.28906250000000       9.111693464595073E-002 -0.242899672189309     
   1.29687500000000       9.402230746172772E-002 -0.235702287492532     
   1.30468750000000       9.674409747505491E-002 -0.229008738108643     
   1.31250000000000       9.931156313787458E-002 -0.222600545690438     
   1.32031250000000       0.101715695107810      -0.216368347561886     
   1.32812500000000       0.103934842148811      -0.210278383982121     
   1.33593750000000       0.106000444760725      -0.204397484239530     
   1.34375000000000       0.108361517615937      -0.198838646469028     
   1.35156250000000       0.111967139522003      -0.191287218969872     
   1.35937500000000       0.110638594520861      -0.183853436550252     
   1.36718750000000       0.110292917718498      -0.178830893169020     
   1.37500000000000       0.110547967772470      -0.174295403061089     
   1.38281250000000       0.111224184988705      -0.169913036953629     
   1.39062500000000       0.112222868996875      -0.165498370798004     
   1.39843750000000       0.113463280186139      -0.160902829438866     
   1.40625000000000       0.114854656724030      -0.155979301806337     
   1.41406250000000       0.116269411580352      -0.150558352264834     
   1.42187500000000       0.117493581089646      -0.144400719897600     
   1.42968750000000       0.117954291334529      -0.136773099755780     
   1.43750000000000       0.114994530723816      -0.130472596396629     
   1.44531250000000       0.112741861710131      -0.125891106664487     
   1.45312500000000       0.110855387255192      -0.121884024110783     
   1.46093750000000       0.109244833871201      -0.118204183570678     
   1.46875000000000       0.107864571050405      -0.114706954876872     
   1.47656250000000       0.106672315119325      -0.111269959076676     
   1.48437500000000       0.105595541535910      -0.107769266333706     
   1.49218750000000       0.104486383935122      -0.104090019792132     
   1.50000000000000       0.103072091400147      -0.100196214904334     
   1.50781250000000       0.100937893167985      -9.630450021454662E-002
   1.51562500000000       9.811608360613953E-002 -9.368671114390512E-002
   1.52343750000000       9.621822087874995E-002 -9.158530645714680E-002
   1.53125000000000       9.459593849726881E-002 -8.947863822782638E-002
   1.53906250000000       9.311268210706605E-002 -8.738581134245374E-002
   1.54687500000000       9.170858926172627E-002 -8.531315506474101E-002
   1.55468750000000       9.034623840715246E-002 -8.326570070220374E-002
   1.56250000000000       8.899696859855942E-002 -8.124985870878836E-002
   1.57031250000000       8.763481261467443E-002 -7.927534166372135E-002
   1.57812500000000       8.623150209943332E-002 -7.735832757579343E-002
   1.58593750000000       8.474736689823177E-002 -7.552984915777683E-002
   1.59375000000000       8.309343890333751E-002 -7.387459752046169E-002
   1.60156250000000       8.151249190060209E-002 -7.299496141124880E-002
   1.60937500000000       8.065882769755600E-002 -7.202564481010457E-002
   1.61718750000000       7.999199878933010E-002 -7.086880286157105E-002
   1.62500000000000       7.943090604379298E-002 -6.957448343743648E-002
   1.63281250000000       7.893489994743801E-002 -6.815820918690495E-002
   1.64062500000000       7.847489989284984E-002 -6.662451064933747E-002
   1.64843750000000       7.802535309838900E-002 -6.497210574021488E-002
   1.65625000000000       7.755983332258981E-002 -6.319524795166712E-002
   1.66406250000000       7.704652495667710E-002 -6.128350102637173E-002
   1.67187500000000       7.644056677569361E-002 -5.921984198127343E-002
   1.67968750000000       7.566381549149717E-002 -5.697242113098919E-002
   1.68750000000000       7.437065825993242E-002 -5.442570049698930E-002
   1.69531250000000       7.258327242928569E-002 -5.272847175913373E-002
   1.70312500000000       7.108929396571401E-002 -5.128166268226277E-002
   1.71093750000000       6.973064566495972E-002 -4.992344847637594E-002
   1.71875000000000       6.845916160228988E-002 -4.860565966303240E-002
   1.72656250000000       6.724670905712668E-002 -4.730218775268951E-002
   1.73437500000000       6.607231654924030E-002 -4.599519780662323E-002
   1.74218750000000       6.491772442099215E-002 -4.467024599513376E-002
   1.75000000000000       6.376492810331588E-002 -4.331345061838185E-002
   1.75781250000000       6.259379397586259E-002 -4.190849287723852E-002
   1.76562500000000       6.137776845150120E-002 -4.043084845514128E-002
   1.77343750000000       6.007051458895252E-002 -3.882948691227939E-002
   1.78125000000000       5.845851668824656E-002 -3.684255490868941E-002
   1.78906250000000       5.597380150936777E-002 -3.566431606752421E-002
   1.79687500000000       5.386693121865575E-002 -3.490418871063445E-002
   1.80468750000000       5.191980365659677E-002 -3.430912901331946E-002
   1.81250000000000       5.008033354189993E-002 -3.382797759941491E-002
   1.82031250000000       4.832300860476938E-002 -3.343914882172185E-002
   1.82812500000000       4.663296848406345E-002 -3.313219593072362E-002
   1.83593750000000       4.500112860865663E-002 -3.290236733791815E-002
   1.84375000000000       4.342231936472694E-002 -3.274856449457235E-002
   1.85156250000000       4.189473211937506E-002 -3.267268408618967E-002
   1.85937500000000       4.042043092510894E-002 -3.267997208108887E-002
   1.86718750000000       3.900792903707564E-002 -3.278115100683337E-002
   1.87500000000000       3.768355015469208E-002 -3.300170772827304E-002
   1.88281250000000       3.666628459457546E-002 -3.332932896941437E-002
   1.89062500000000       3.570102918509713E-002 -3.336181247769562E-002
   1.89843750000000       3.465572461378803E-002 -3.338412590015730E-002
   1.90625000000000       3.357301124122225E-002 -3.343734845772203E-002
   1.91406250000000       3.246790580092451E-002 -3.354075501949161E-002
   1.92187500000000       3.134961256907551E-002 -3.370899550169923E-002
   1.92968750000000       3.022582262009038E-002 -3.395573251360320E-002
   1.93750000000000       2.910437649281856E-002 -3.429529606292322E-002
   1.94531250000000       2.799430357323281E-002 -3.474406960048308E-002
   1.95312500000000       2.690688306383157E-002 -3.532240217555033E-002
   1.96093750000000       2.585729559960090E-002 -3.605821856396810E-002
   1.96875000000000       2.486820720267781E-002 -3.699567044060027E-002
   1.97656250000000       2.398103576221038E-002 -3.822376918294439E-002
   1.98437500000000       2.338672415053872E-002 -4.016361554660583E-002
   1.99218750000000       2.426012901314240E-002 -4.155545385532197E-002
   2.00000000000000       2.497357487209988E-002 -4.232986941416511E-002
   2.00781250000000       2.564308820333002E-002 -4.284576972048772E-002
   2.01562500000000       2.628867585332398E-002 -4.318070939736562E-002
   2.02343750000000       2.691676417026027E-002 -4.336984317229362E-002
   2.03125000000000       2.752879478102864E-002 -4.343251707099815E-002
   2.03906250000000       2.812367710390161E-002 -4.338025366436925E-002
   2.04687500000000       2.869866315068210E-002 -4.321988818956472E-002
   2.05468750000000       2.924958401917828E-002 -4.295486034718690E-002
   2.06250000000000       2.977064602978746E-002 -4.258550544700282E-002
   2.07031250000000       3.025363973979082E-002 -4.210839796135691E-002
   2.07812500000000       3.068580932622682E-002 -4.151387492711400E-002
   2.08593750000000       3.104282364957391E-002 -4.077698671869973E-002
   2.09375000000000       3.120041247489113E-002 -3.976780061894523E-002
   2.10156250000000       3.090301415102380E-002 -3.906806193403128E-002
   2.10937500000000       3.070393659026032E-002 -3.852015368194044E-002
   2.11718750000000       3.053025646005438E-002 -3.801638725961871E-002
   2.12500000000000       3.036470576380850E-002 -3.753248859263077E-002
   2.13281250000000       3.019844062107078E-002 -3.705769648331639E-002
   2.14062500000000       3.002548617478128E-002 -3.658634992257619E-002
   2.14843750000000       2.984101883517133E-002 -3.611533473275569E-002
   2.15625000000000       2.964059411622060E-002 -3.564306499441721E-002
   2.16406250000000       2.941965591139665E-002 -3.516903639916909E-002
   2.17187500000000       2.917306867759874E-002 -3.469366230102710E-002
   2.17968750000000       2.889445807020111E-002 -3.421831772043881E-002
   2.18750000000000       2.857495058708314E-002 -3.374565645350564E-002
   2.19531250000000       2.819998866692702E-002 -3.328056222433987E-002
   2.20312500000000       2.773694688037940E-002 -3.283367349758200E-002
   2.21093750000000       2.708421225471293E-002 -3.257292639424839E-002
   2.21875000000000       2.666059214344743E-002 -3.253440688032174E-002
   2.22656250000000       2.635166386029638E-002 -3.247403238817755E-002
   2.23437500000000       2.610665865403710E-002 -3.239423088779297E-002
   2.24218750000000       2.590598488297298E-002 -3.229493181131143E-002
   2.25000000000000       2.573830229284382E-002 -3.217572247270239E-002
   2.25781250000000       2.559573700199020E-002 -3.203618075910979E-002
   2.26562500000000       2.547216694282223E-002 -3.187598522870078E-002
   2.27343750000000       2.536243796922181E-002 -3.169498096758227E-002
   2.28125000000000       2.526194650373678E-002 -3.149324268246848E-002
   2.28906250000000       2.516638991595274E-002 -3.127115331536946E-002
   2.29687500000000       2.507159835768871E-002 -3.102951766137499E-002
   2.30468750000000       2.497339922978259E-002 -3.076974951985830E-002
   2.31250000000000       2.486746566459601E-002 -3.049423639749835E-002
   2.32031250000000       2.474902881216884E-002 -3.020726929144085E-002
   2.32812500000000       2.461139061294531E-002 -2.991980045119386E-002
   2.33593750000000       2.448385251025002E-002 -2.965234050493528E-002
   2.34375000000000       2.437011177489338E-002 -2.936978546682258E-002
   2.35156250000000       2.425977393700599E-002 -2.907133502640176E-002
   2.35937500000000       2.414872617363631E-002 -2.875636713563982E-002
   2.36718750000000       2.403387476351697E-002 -2.842442310129044E-002
   2.37500000000000       2.391245892285947E-002 -2.807509918423882E-002
   2.38281250000000       2.378177640854191E-002 -2.770799053218658E-002
   2.39062500000000       2.363901568637146E-002 -2.732265016692560E-002
   2.39843750000000       2.348110807442388E-002 -2.691854388667067E-002
   2.40625000000000       2.330455257040193E-002 -2.649498515231481E-002
   2.41406250000000       2.310516051161587E-002 -2.605102636307116E-002
   2.42187500000000       2.287762367046748E-002 -2.558525833261546E-002
   2.42968750000000       2.261467741715630E-002 -2.509539867013478E-002
   2.43750000000000       2.230518484653686E-002 -2.457730756036771E-002
   2.44531250000000       2.192841664684716E-002 -2.402193396763452E-002
   2.45312500000000       2.142175445675632E-002 -2.339729645633098E-002
   2.46093750000000       2.057700170884021E-002 -2.300995810051149E-002
   2.46875000000000       1.991518291882282E-002 -2.285938391156633E-002
   2.47656250000000       1.933811833472987E-002 -2.275316261645360E-002
   2.48437500000000       1.881340756245094E-002 -2.267288164188811E-002
   2.49218750000000       1.832678655787420E-002 -2.261061129132427E-002
   2.50000000000000       1.787010502726348E-002 -2.256189149320324E-002
   2.53125000000000       1.625460556656455E-002 -2.245537970021096E-002
   2.56250000000000       1.486005093592662E-002 -2.243078159945578E-002
   2.59375000000000       1.351532302640843E-002 -2.248092079868449E-002
   2.62500000000000       1.229506152662884E-002 -2.272866942711714E-002
   2.65625000000000       1.110643352551520E-002 -2.312910190096037E-002
   2.68750000000000       9.846078349769456E-003 -2.399157300916637E-002
   2.71875000000000       9.629906013056274E-003 -2.701193905189370E-002
   2.75000000000000       1.203040405538749E-002 -2.536086339012391E-002
   2.78125000000000       1.164978423321677E-002 -2.460339427699194E-002
   2.81250000000000       1.125240512567229E-002 -2.418835488006682E-002
   2.84375000000000       1.084618232266950E-002 -2.389564222064301E-002
   2.87500000000000       1.045430609619132E-002 -2.375778414538090E-002
   2.90625000000000       1.023587698935235E-002 -2.356923126048543E-002
   2.93750000000000       9.978860551000217E-003 -2.331779680010009E-002
   2.96875000000000       9.662205103503388E-003 -2.304490927835468E-002
   3.00000000000000       9.237637780298125E-003 -2.279872740135108E-002
   3.03125000000000       8.619009777146275E-003 -2.287996737985453E-002
   3.06250000000000       8.615922019402504E-003 -2.311689552062682E-002
   3.09375000000000       8.730986667950689E-003 -2.306731764200776E-002
   3.12500000000000       8.859740963722490E-003 -2.280743333522898E-002
   3.15625000000000       8.919277003200275E-003 -2.232777375384227E-002
   3.18750000000000       8.700455938955593E-003 -2.152335163766649E-002
   3.21875000000000       7.888178501465027E-003 -2.128116146326593E-002
   3.25000000000000       7.394017142342254E-003 -2.127097085411455E-002
   3.28125000000000       7.018853016208442E-003 -2.130926882912774E-002
   3.31250000000000       6.717308057703060E-003 -2.137023440345155E-002
   3.34375000000000       6.457584274031282E-003 -2.144722015274953E-002
   3.37500000000000       6.217858845617311E-003 -2.162202050018773E-002
   3.40625000000000       6.145765096297291E-003 -2.183943738107698E-002
   3.43750000000000       6.192110257920689E-003 -2.203484069987802E-002
   3.46875000000000       6.357819797131075E-003 -2.219376693235941E-002
   3.50000000000000       6.665463662320406E-003 -2.228872983349894E-002
   3.53125000000000       7.212552192965576E-003 -2.224456935363029E-002
   3.56250000000000       7.628677444400271E-003 -2.154118404874870E-002
   3.59375000000000       7.641176562610996E-003 -2.094421055175200E-002
   3.62500000000000       7.537542128835933E-003 -2.041791223540360E-002
   3.65625000000000       7.350884539165909E-003 -1.993502582390635E-002
   3.68750000000000       7.078517797065967E-003 -1.948542513381609E-002
   3.71875000000000       6.655501881502758E-003 -1.907799521425313E-002
   3.75000000000000       6.223826681149820E-003 -1.902970831479557E-002
   3.78125000000000       5.986438089685526E-003 -1.895136040967435E-002
   3.81250000000000       5.786706199716317E-003 -1.883541604528768E-002
   3.84375000000000       5.589600611789112E-003 -1.868488517121378E-002
   3.87500000000000       5.363567689609806E-003 -1.849570246532626E-002
   3.90625000000000       5.045468159334334E-003 -1.825115691533341E-002
   3.93750000000000       4.419424750337881E-003 -1.820764824800464E-002
   3.96875000000000       4.019783029022646E-003 -1.845075319402273E-002
   4.00000000000000       3.760788492124269E-003 -1.873145558900030E-002
   4.03125000000000       3.607187823999591E-003 -1.903205471680309E-002
   4.06250000000000       3.550445990327273E-003 -1.934288338543441E-002
   4.09375000000000       3.595313293460427E-003 -1.965712255320010E-002
   4.12500000000000       3.798367333180557E-003 -1.997676669222412E-002
   4.15625000000000       4.093577068012506E-003 -2.005788005626699E-002
   4.18750000000000       4.341839331230775E-003 -2.008703033366532E-002
   4.21875000000000       4.592000363851025E-003 -2.007023759423656E-002
   4.25000000000000       4.850323191392621E-003 -2.000308905566925E-002
   4.28125000000000       5.117069574310692E-003 -1.987726997410999E-002
   4.31250000000000       5.391941435127810E-003 -1.967621601056773E-002
   4.34375000000000       5.673498808659749E-003 -1.930254076661297E-002
   4.37500000000000       5.662184329774658E-003 -1.889071629389801E-002
   4.40625000000000       5.607154632575397E-003 -1.858015773127600E-002
   4.43750000000000       5.529681523094763E-003 -1.831046443150184E-002
   4.46875000000000       5.433046296910566E-003 -1.806448821741952E-002
   4.50000000000000       5.315287250886253E-003 -1.783253063675124E-002
   4.53125000000000       5.168005861014241E-003 -1.760578846177448E-002
   4.56250000000000       4.957296816723372E-003 -1.736545907819623E-002
   4.59375000000000       4.606277872882816E-003 -1.728845350611067E-002
   4.62500000000000       4.364636357235974E-003 -1.731830940147534E-002
   4.65625000000000       4.171225343330094E-003 -1.738130866462713E-002
   4.68750000000000       4.011912101429952E-003 -1.747339638441775E-002
   4.71875000000000       3.882224158221783E-003 -1.759677967987607E-002
   4.75000000000000       3.783087368517160E-003 -1.775977882946559E-002
   4.78125000000000       3.724137082549062E-003 -1.798506419430879E-002
   4.81250000000000       3.838145044065685E-003 -1.835811537996226E-002
   4.84375000000000       4.163963995186242E-003 -1.847113791556921E-002
   4.87500000000000       4.438568575218293E-003 -1.847207144518390E-002
   4.90625000000000       4.686327106232228E-003 -1.840834493285045E-002
   4.93750000000000       4.910051678502786E-003 -1.829192182921287E-002
   4.96875000000000       5.106603508716436E-003 -1.812637276149361E-002
   5.00000000000000       5.267628315438877E-003 -1.791008442146384E-002
   5.03125000000000       5.373819488464879E-003 -1.763276634795553E-002
   5.06250000000000       5.291609863965846E-003 -1.727026458187915E-002
   5.09375000000000       5.109572384418257E-003 -1.717471070311665E-002
   5.12500000000000       5.006813543232195E-003 -1.714133627474968E-002
   5.15625000000000       4.943734528735252E-003 -1.713629402319844E-002
   5.18750000000000       4.910329745949935E-003 -1.715116253398345E-002
   5.21875000000000       4.903902295702441E-003 -1.718343774433631E-002
   5.25000000000000       4.926458247153423E-003 -1.723395464438692E-002
   5.28125000000000       4.986968320333188E-003 -1.730779268518454E-002
   5.31250000000000       5.120901309668746E-003 -1.742478822611343E-002
   5.34375000000000       5.444536370578843E-003 -1.740356709503373E-002
   5.37500000000000       5.663068860035613E-003 -1.725143980860705E-002
   5.40625000000000       5.830032773519157E-003 -1.706951029256936E-002
   5.43750000000000       5.958886352025008E-003 -1.686738063582327E-002
   5.46875000000000       6.053092523889189E-003 -1.664938651066068E-002
   5.50000000000000       6.111747175564290E-003 -1.641802520617865E-002
   5.53125000000000       6.129805977672518E-003 -1.617475618273405E-002
   5.56250000000000       6.094113137011204E-003 -1.591982013241269E-002
   5.59375000000000       5.947891042551130E-003 -1.564737056710193E-002
   5.62500000000000       5.721684169309805E-003 -1.561830045187635E-002
   5.65625000000000       5.622310149821010E-003 -1.562297483679995E-002
   5.68750000000000       5.566866325820467E-003 -1.563295737278100E-002
   5.71875000000000       5.540237475841332E-003 -1.564612004455425E-002
   5.75000000000000       5.536354964727454E-003 -1.566185209892746E-002
   5.78125000000000       5.552889596945808E-003 -1.568025258039660E-002
   5.81250000000000       5.590203127260104E-003 -1.570208451685195E-002
   5.84375000000000       5.652418663584377E-003 -1.572929837822888E-002
   5.87500000000000       5.755951251070339E-003 -1.576816699419335E-002
   5.90625000000000       5.957206747079866E-003 -1.573347892537960E-002
   5.93750000000000       6.098926482823522E-003 -1.562109687832272E-002
   5.96875000000000       6.211824305835756E-003 -1.549415444667239E-002
   6.00000000000000       6.305418170677911E-003 -1.535665608961837E-002
   6.03125000000000       6.382596561087634E-003 -1.521021593568720E-002
   6.06250000000000       6.443844583420412E-003 -1.505564527400079E-002
   6.09375000000000       6.488035868157990E-003 -1.489331707492192E-002
   6.12500000000000       6.512091318500812E-003 -1.472319660800545E-002
   6.15625000000000       6.508745744546939E-003 -1.454448271133873E-002
   6.18750000000000       6.448271742608771E-003 -1.435212974247665E-002
   6.21875000000000       6.336862074736666E-003 -1.428336575028441E-002
   6.25000000000000       6.291444685459673E-003 -1.423477006955357E-002
   6.28125000000000       6.267741982423438E-003 -1.418780151464407E-002
   6.31250000000000       6.257209935181364E-003 -1.414072616481925E-002
   6.34375000000000       6.255977409907816E-003 -1.409271282623022E-002
   6.37500000000000       6.261889575068324E-003 -1.404320078612004E-002
   6.40625000000000       6.273669352496569E-003 -1.399167065849162E-002
   6.43750000000000       6.290649972304631E-003 -1.393745058523718E-002
   6.46875000000000       6.312863808312030E-003 -1.387930889127138E-002
   6.50000000000000       6.342340648183151E-003 -1.381336761215812E-002
   6.53125000000000       6.359472479910649E-003 -1.372251083145195E-002
   6.56250000000000       6.359106698009465E-003 -1.364455428253442E-002
   6.59375000000000       6.356582638124607E-003 -1.357335832733256E-002
   6.62500000000000       6.352877930579143E-003 -1.350648058291671E-002
   6.65625000000000       6.348149487124526E-003 -1.344294691411464E-002
   6.68750000000000       6.342236421865528E-003 -1.338228911944795E-002
   6.71875000000000       6.334734768380946E-003 -1.332430563820712E-002
   6.75000000000000       6.324923760581174E-003 -1.326899632902077E-002
   6.78125000000000       6.311488348256383E-003 -1.321659511245567E-002
   6.81250000000000       6.291546286042485E-003 -1.316779410838762E-002
   6.84375000000000       6.252105992722870E-003 -1.312573419200324E-002
   6.87500000000000       6.224732033680696E-003 -1.313901896171568E-002
   6.90625000000000       6.226996875586749E-003 -1.314800454201270E-002
   6.93750000000000       6.241907941160301E-003 -1.315524453858241E-002
   6.96875000000000       6.266416294255769E-003 -1.316160711871913E-002
   7.00000000000000       6.299396721161287E-003 -1.316757352848802E-002
   7.03125000000000       6.340577168856510E-003 -1.317350260280700E-002
   7.06250000000000       6.390304086863839E-003 -1.317972675281152E-002
   7.09375000000000       6.449614441384485E-003 -1.318661821502969E-002
   7.12500000000000       6.520654960261173E-003 -1.319467979613686E-002
   7.15625000000000       6.608079603294134E-003 -1.320476697188388E-002
   7.18750000000000       6.726606092831003E-003 -1.321918146732852E-002
   7.21875000000000       6.902194413110243E-003 -1.316261975313555E-002
   7.25000000000000       7.021216794997495E-003 -1.306417247508375E-002
   7.28125000000000       7.117892465657220E-003 -1.296173980311673E-002
   7.31250000000000       7.200314782633563E-003 -1.285669509212536E-002
   7.34375000000000       7.271674474066936E-003 -1.274966540841139E-002
   7.37500000000000       7.333504955621735E-003 -1.264101616658202E-002
   7.40625000000000       7.386486593925624E-003 -1.253097821701296E-002
   7.43750000000000       7.430684108304896E-003 -1.241968984360336E-002
   7.46875000000000       7.465517866683078E-003 -1.230719937226277E-002
   7.50000000000000       7.489413379203765E-003 -1.219342209627307E-002
   7.53125000000000       7.498494001872039E-003 -1.207796103214545E-002
   7.56250000000000       7.477566702651383E-003 -1.195878620077308E-002
   7.59375000000000       7.424066451530415E-003 -1.191170143855366E-002
   7.62500000000000       7.415450670327614E-003 -1.188314812426730E-002
   7.65625000000000       7.423514410456159E-003 -1.185727776299200E-002
   7.68750000000000       7.443098602772097E-003 -1.183319041577599E-002
   7.71875000000000       7.472227990633669E-003 -1.181049335368025E-002
   7.75000000000000       7.510151780870206E-003 -1.178898286275576E-002
   7.78125000000000       7.556841332837207E-003 -1.176855658568962E-002
   7.81250000000000       7.612884054731795E-003 -1.174918534140008E-002
   7.84375000000000       7.679608630345930E-003 -1.173091305292919E-002
   7.87500000000000       7.759539600666951E-003 -1.171388679553809E-002
   7.90625000000000       7.857755864296836E-003 -1.169846018749146E-002
   7.93750000000000       7.987737032472018E-003 -1.168565420980104E-002
   7.96875000000000       8.201647753429917E-003 -1.161334736868457E-002
   8.00000000000000       8.345683593664392E-003 -1.145270967431326E-002
   8.03125000000000       8.451377403187446E-003 -1.128918519639571E-002
   8.06250000000000       8.534394632049969E-003 -1.112402568593758E-002
   8.09375000000000       8.600227210212844E-003 -1.095765974181711E-002
   8.12500000000000       8.651476734044695E-003 -1.079028269308776E-002
   8.15625000000000       8.689408497863342E-003 -1.062198212390432E-002
   8.18750000000000       8.714454650009584E-003 -1.045277808497393E-002
   8.21875000000000       8.726354475812050E-003 -1.028263364545997E-002
   8.25000000000000       8.724066766148168E-003 -1.011144644491606E-002
   8.28125000000000       8.705368674468689E-003 -9.939013557037146E-003
   8.31250000000000       8.665628902671313E-003 -9.764925608234363E-003
   8.34375000000000       8.592656923721596E-003 -9.588125183918874E-003
   8.37500000000000       8.433864081045718E-003 -9.460981908481136E-003
   8.40625000000000       8.333774381352658E-003 -9.425557379898364E-003
   8.43750000000000       8.267904094552612E-003 -9.393242526790904E-003
   8.46875000000000       8.220023126161177E-003 -9.362623238020489E-003
   8.50000000000000       8.184440030677463E-003 -9.333192853021951E-003
   8.53125000000000       8.158269964216697E-003 -9.304689415184388E-003
   8.56250000000000       8.139823656975902E-003 -9.276956542962851E-003
   8.59375000000000       8.128047907063809E-003 -9.249894874484148E-003
   8.62500000000000       8.122286853414167E-003 -9.223441387300173E-003
   8.65625000000000       8.122176804055123E-003 -9.197560544715438E-003
   8.68750000000000       8.127620448837044E-003 -9.172242811534033E-003
   8.71875000000000       8.138849684451461E-003 -9.147511997711650E-003
   8.75000000000000       8.156709052839928E-003 -9.123455381719237E-003
   8.78125000000000       8.184261292511694E-003 -9.100390229654837E-003
   8.81250000000000       8.226657974354144E-003 -9.061851636789997E-003
   8.84375000000000       8.259150156554554E-003 -9.014699413815009E-003
   8.87500000000000       8.289534706375763E-003 -8.967154254211329E-003
   8.90625000000000       8.319706178479477E-003 -8.919438371513620E-003
   8.93750000000000       8.350521515348852E-003 -8.871656374530858E-003
   8.96875000000000       8.382543133754163E-003 -8.823876200996845E-003
   9.00000000000000       8.416242907626256E-003 -8.776151602547381E-003
   9.03125000000000       8.452096886505148E-003 -8.728532134320939E-003
   9.06250000000000       8.490655821665303E-003 -8.681069726266203E-003
   9.09375000000000       8.532627275484154E-003 -8.633825268129683E-003
   9.12500000000000       8.579007895259283E-003 -8.586878197156355E-003
   9.15625000000000       8.631351539827565E-003 -8.540345010348843E-003
   9.18750000000000       8.692458451784710E-003 -8.494425837502944E-003
   9.21875000000000       8.769022808207520E-003 -8.449581352496432E-003
   9.25000000000000       8.893056848611993E-003 -8.381554751335807E-003
   9.28125000000000       8.983262022663554E-003 -8.252930859928230E-003
   9.31250000000000       9.048453741892760E-003 -8.122686533731775E-003
   9.34375000000000       9.099633405264779E-003 -7.991550760199610E-003
   9.37500000000000       9.140398876314850E-003 -7.859764271647472E-003
   9.40625000000000       9.172492120109704E-003 -7.727445565257155E-003
   9.43750000000000       9.196858410491728E-003 -7.594661007024802E-003
   9.46875000000000       9.213997765784215E-003 -7.461448248348179E-003
   9.50000000000000       9.224103110521549E-003 -7.327825627106430E-003
   9.53125000000000       9.227105665613774E-003 -7.193795577385724E-003
   9.56250000000000       9.222658421426097E-003 -7.059344215736667E-003
   9.59375000000000       9.210047159625704E-003 -6.924436697987440E-003
   9.62500000000000       9.187962189571228E-003 -6.789004692999185E-003
   9.65625000000000       9.153884089267246E-003 -6.652912195174032E-003
   9.68750000000000       9.101814864708386E-003 -6.515828498295035E-003
   9.71875000000000       8.999285577385739E-003 -6.393864593094226E-003
   9.75000000000000       8.920732686759133E-003 -6.342066657977359E-003
   9.78125000000000       8.867548402517642E-003 -6.291721732621073E-003
   9.81250000000000       8.826192387191152E-003 -6.242063946464154E-003
   9.84375000000000       8.792590467646565E-003 -6.192862775951546E-003
   9.87500000000000       8.764758448451676E-003 -6.144006185250800E-003
   9.90625000000000       8.741553278522194E-003 -6.095429901111707E-003
   9.93750000000000       8.722264407741780E-003 -6.047094218304097E-003
   9.96875000000000       8.706442416537364E-003 -5.998974235716317E-003
   10.0000000000000       8.693819272660412E-003 -5.951055269933247E-003
   10.0312500000000       8.684273819208325E-003 -5.903330801141538E-003
   10.0625000000000       8.677828085513102E-003 -5.855802099844515E-003
   10.0937500000000       8.674677652404893E-003 -5.808479635333486E-003
   10.1250000000000       8.675284913190416E-003 -5.761387672954733E-003
   10.1562500000000       8.680649201973546E-003 -5.714577710612492E-003
   10.1875000000000       8.693399027990311E-003 -5.668182725616099E-003
   10.2187500000000       8.725598262854526E-003 -5.611342173899247E-003
   10.2500000000000       8.744443899022552E-003 -5.532311495621028E-003
   10.2812500000000       8.754865724511564E-003 -5.452878523070762E-003
   10.3125000000000       8.760893742855396E-003 -5.373247288009049E-003
   10.3437500000000       8.763887626299245E-003 -5.293489182006791E-003
   10.3750000000000       8.764529973903973E-003 -5.213641952035865E-003
   10.4062500000000       8.763223615824049E-003 -5.133729608481028E-003
   10.4375000000000       8.760228957032797E-003 -5.053769412497970E-003
   10.4687500000000       8.755724560310364E-003 -4.973775066220962E-003
   10.5000000000000       8.749838173815699E-003 -4.893758485709099E-003
   10.5312500000000       8.742664461827998E-003 -4.813731015393068E-003
   10.5625000000000       8.734276241152300E-003 -4.733704514163447E-003
   10.5937500000000       8.724732632816017E-003 -4.653692676099470E-003
   10.6250000000000       8.714086554934400E-003 -4.573713175983511E-003
   10.6562500000000       8.702394937189663E-003 -4.493792180159609E-003
   10.6875000000000       8.689742062203991E-003 -4.413977132916348E-003
   10.7187500000000       8.676351724735552E-003 -4.334402673346205E-003
   10.7500000000000       8.663157918902044E-003 -4.254073601389875E-003
   10.7812500000000       8.648149817479597E-003 -4.172622433808348E-003
   10.8125000000000       8.631570233316651E-003 -4.090905924906890E-003
   10.8437500000000       8.613512782385001E-003 -4.009008490851324E-003
   10.8750000000000       8.593991925881771E-003 -3.926967887674978E-003
   10.9062500000000       8.572990775947129E-003 -3.844806381715573E-003
   10.9375000000000       8.550472252677868E-003 -3.762538970829445E-003
   10.9687500000000       8.526381820803872E-003 -3.680176568692141E-003
   11.0000000000000       8.500646724367769E-003 -3.597727497186463E-003
   11.0312500000000       8.473172727290916E-003 -3.515198261283002E-003
   11.0625000000000       8.443837981772121E-003 -3.432593958725076E-003
   11.0937500000000       8.412482522772208E-003 -3.349918461521720E-003
   11.1250000000000       8.378889895363454E-003 -3.267174401379626E-003
   11.1562500000000       8.342752707959280E-003 -3.184362897032160E-003
   11.1875000000000       8.303600057717308E-003 -3.101482767617190E-003
   11.2187500000000       8.260613003641762E-003 -3.018528304534352E-003
   11.2500000000000       8.211953231575754E-003 -2.935480749876529E-003
   11.2812500000000       8.148240744540116E-003 -2.857533779749025E-003
   11.3125000000000       8.091985418112983E-003 -2.799744248537442E-003
   11.3437500000000       8.042559918768366E-003 -2.742022377429167E-003
   11.3750000000000       7.995929118551978E-003 -2.684322451382594E-003
   11.4062500000000       7.950821265163596E-003 -2.626633874797183E-003
   11.4375000000000       7.906571566684818E-003 -2.568953366782838E-003
   11.4687500000000       7.862753711651516E-003 -2.511280406318022E-003
   11.5000000000000       7.819056875163795E-003 -2.453615775640179E-003
   11.5312500000000       7.775231239883119E-003 -2.395960947794748E-003
   11.5625000000000       7.731058658005013E-003 -2.338317777947683E-003
   11.5937500000000       7.686333644648069E-003 -2.280688317913669E-003
   11.6250000000000       7.640848132168359E-003 -2.223074675607496E-003
   11.6562500000000       7.594375865003982E-003 -2.165478870415315E-003
   11.6875000000000       7.546652164847126E-003 -2.107902632044663E-003
   11.7187500000000       7.497341808566940E-003 -2.050347046312123E-003
   11.7500000000000       7.445978286539751E-003 -1.992811813699099E-003
   11.7812500000000       7.391824353836407E-003 -1.935293378887781E-003
   11.8125000000000       7.333443926823919E-003 -1.877778658721249E-003
   11.8437500000000       7.265962125970525E-003 -1.820200746113519E-003
   11.8750000000000       7.190475787265372E-003 -1.785880388531672E-003
   11.9062500000000       7.129700863825757E-003 -1.755966466728429E-003
   11.9375000000000       7.073793746585385E-003 -1.726154787550632E-003
   11.9687500000000       7.020852723229644E-003 -1.696411099985605E-003
   12.0000000000000       6.969994630670073E-003 -1.666719775746030E-003
   13.0000000000000       6.433841197541606E-003  0.000000000000000E+000
   14.0000000000000       5.974281112002920E-003  0.000000000000000E+000
   15.0000000000000       5.575995704536058E-003  0.000000000000000E+000
   16.0000000000000       5.227495973002555E-003  0.000000000000000E+000
   17.0000000000000       4.919996209884757E-003  0.000000000000000E+000
   18.0000000000000       4.646663087113382E-003  0.000000000000000E+000
   19.0000000000000       4.402101872002151E-003  0.000000000000000E+000
   20.0000000000000       4.181996778402044E-003  0.000000000000000E+000
   21.0000000000000       3.982854074668613E-003  0.000000000000000E+000
   22.0000000000000       3.801815253092767E-003  0.000000000000000E+000
   23.0000000000000       3.636518937740908E-003  0.000000000000000E+000
   24.0000000000000       3.484997315335036E-003  0.000000000000000E+000
   25.0000000000000       3.345597422721635E-003  0.000000000000000E+000
   26.0000000000000       3.216920598770803E-003  0.000000000000000E+000
   27.0000000000000       3.097775391408921E-003  0.000000000000000E+000
   28.0000000000000       2.987140556001460E-003  0.000000000000000E+000
   29.0000000000000       2.884135709242789E-003  0.000000000000000E+000
   30.0000000000000       2.787997852268029E-003  0.000000000000000E+000
   31.0000000000000       2.698062437678738E-003  0.000000000000000E+000
   32.0000000000000       2.613747986501277E-003  0.000000000000000E+000
   33.0000000000000       2.534543502061845E-003  0.000000000000000E+000
   34.0000000000000       2.459998104942379E-003  0.000000000000000E+000
   35.0000000000000       2.389712444801168E-003  0.000000000000000E+000
   36.0000000000000       2.323331543556691E-003  0.000000000000000E+000
   37.0000000000000       2.260538799136240E-003  0.000000000000000E+000
   38.0000000000000       2.201050936001076E-003  0.000000000000000E+000
   39.0000000000000       2.144613732513869E-003  0.000000000000000E+000
   40.0000000000000       2.090998389201022E-003  0.000000000000000E+000
   41.0000000000000       2.039998428488802E-003  0.000000000000000E+000
   42.0000000000000       1.991427037334307E-003  0.000000000000000E+000
   43.0000000000000       1.945114780652113E-003  0.000000000000000E+000
   44.0000000000000       1.900907626546384E-003  0.000000000000000E+000
   45.0000000000000       1.858665234845353E-003  0.000000000000000E+000
   46.0000000000000       1.818259468870454E-003  0.000000000000000E+000
   47.0000000000000       1.779573097192359E-003  0.000000000000000E+000
   48.0000000000000       1.742498657667518E-003  0.000000000000000E+000
   49.0000000000000       1.706937460572263E-003  0.000000000000000E+000
   50.0000000000000       1.672798711360818E-003  0.000000000000000E+000
   51.0000000000000       1.639998736628252E-003  0.000000000000000E+000
   52.0000000000000       1.608460299385401E-003  0.000000000000000E+000
   53.0000000000000       1.578111991849828E-003  0.000000000000000E+000
   54.0000000000000       1.548887695704461E-003  0.000000000000000E+000
   55.0000000000000       1.520726101237107E-003  0.000000000000000E+000
   56.0000000000000       1.493570278000730E-003  0.000000000000000E+000
   57.0000000000000       1.467367290667384E-003  0.000000000000000E+000
   58.0000000000000       1.442067854621394E-003  0.000000000000000E+000
   59.0000000000000       1.417626026576964E-003  0.000000000000000E+000
   60.0000000000000       1.393998926134015E-003  0.000000000000000E+000
   61.0000000000000       1.371146484721982E-003  0.000000000000000E+000
   62.0000000000000       1.349031218839369E-003  0.000000000000000E+000
   63.0000000000000       1.327618024889538E-003  0.000000000000000E+000
   64.0000000000000       1.306873993250639E-003  0.000000000000000E+000
   65.0000000000000       1.286768239508321E-003  0.000000000000000E+000
   66.0000000000000       1.267271751030922E-003  0.000000000000000E+000
   67.0000000000000       1.248357247284192E-003  0.000000000000000E+000
   68.0000000000000       1.229999052471189E-003  0.000000000000000E+000
   69.0000000000000       1.212172979246969E-003  0.000000000000000E+000
   70.0000000000000       1.194856222400584E-003  0.000000000000000E+000
   71.0000000000000       1.178027261521702E-003  0.000000000000000E+000
   72.0000000000000       1.161665771778346E-003  0.000000000000000E+000
   73.0000000000000       1.145752542027957E-003  0.000000000000000E+000
   74.0000000000000       1.130269399568120E-003  0.000000000000000E+000
   75.0000000000000       1.115199140907212E-003  0.000000000000000E+000
   76.0000000000000       1.100525468000538E-003  0.000000000000000E+000
   77.0000000000000       1.086232929455076E-003  0.000000000000000E+000
   78.0000000000000       1.072306866256934E-003  0.000000000000000E+000
   79.0000000000000       1.058733361620771E-003  0.000000000000000E+000
   80.0000000000000       1.045499194600511E-003  0.000000000000000E+000
   81.0000000000000       1.032591797136307E-003  0.000000000000000E+000
   82.0000000000000       1.019999214244401E-003  0.000000000000000E+000
   83.0000000000000       1.007710067084830E-003  0.000000000000000E+000
   84.0000000000000       9.957135186671533E-004  0.000000000000000E+000
   85.0000000000000       9.839992419769514E-004  0.000000000000000E+000
   86.0000000000000       9.725573903260567E-004  0.000000000000000E+000
   87.0000000000000       9.613785697475963E-004  0.000000000000000E+000
   88.0000000000000       9.504538132731918E-004  0.000000000000000E+000
   89.0000000000000       9.397745569442795E-004  0.000000000000000E+000
   90.0000000000000       9.293326174226764E-004  0.000000000000000E+000
   91.0000000000000       9.191201710773723E-004  0.000000000000000E+000
   92.0000000000000       9.091297344352269E-004  0.000000000000000E+000
   93.0000000000000       8.993541458929127E-004  0.000000000000000E+000
   94.0000000000000       8.897865485961795E-004  0.000000000000000E+000
   95.0000000000000       8.804203744004303E-004  0.000000000000000E+000
   96.0000000000000       8.712493288337591E-004  0.000000000000000E+000
   97.0000000000000       8.622673769901121E-004  0.000000000000000E+000
   98.0000000000000       8.534687302861314E-004  0.000000000000000E+000
   99.0000000000000       8.448478340206150E-004  0.000000000000000E+000
   100.000000000000       8.363993556804088E-004  0.000000000000000E+000
   101.000000000000       8.281181739409987E-004  0.000000000000000E+000
   102.000000000000       8.199993683141262E-004  0.000000000000000E+000
   103.000000000000       8.120382093984551E-004  0.000000000000000E+000
   104.000000000000       8.042301496927007E-004  0.000000000000000E+000
   105.000000000000       7.965708149337226E-004  0.000000000000000E+000
   106.000000000000       7.890559959249139E-004  0.000000000000000E+000
   107.000000000000       7.816816408228119E-004  0.000000000000000E+000
   108.000000000000       7.744438478522304E-004  0.000000000000000E+000
   109.000000000000       7.673388584223934E-004  0.000000000000000E+000
   110.000000000000       7.603630506185534E-004  0.000000000000000E+000
   111.000000000000       7.535129330454133E-004  0.000000000000000E+000
   112.000000000000       7.467851390003650E-004  0.000000000000000E+000
   113.000000000000       7.401764209561140E-004  0.000000000000000E+000
   114.000000000000       7.336836453336919E-004  0.000000000000000E+000
   115.000000000000       7.273037875481815E-004  0.000000000000000E+000
   116.000000000000       7.210339273106972E-004  0.000000000000000E+000
   117.000000000000       7.148712441712896E-004  0.000000000000000E+000
   118.000000000000       7.088130132884821E-004  0.000000000000000E+000
   119.000000000000       7.028566014121082E-004  0.000000000000000E+000
   120.000000000000       6.969994630670073E-004  0.000000000000000E+000
   121.000000000000       6.912391369259576E-004  0.000000000000000E+000
   122.000000000000       6.855732423609908E-004  0.000000000000000E+000
   123.000000000000       6.799994761629340E-004  0.000000000000000E+000
   124.000000000000       6.745156094196845E-004  0.000000000000000E+000
   125.000000000000       6.691194845443270E-004  0.000000000000000E+000
   126.000000000000       6.638090124447689E-004  0.000000000000000E+000
   127.000000000000       6.585821698270935E-004  0.000000000000000E+000
   128.000000000000       6.534369966253194E-004  0.000000000000000E+000
   129.000000000000       6.483715935507045E-004  0.000000000000000E+000
   130.000000000000       6.433841197541606E-004  0.000000000000000E+000
   131.000000000000       6.384727905957318E-004  0.000000000000000E+000
   132.000000000000       6.336358755154611E-004  0.000000000000000E+000
   133.000000000000       6.288716960003073E-004  0.000000000000000E+000
   134.000000000000       6.241786236420961E-004  0.000000000000000E+000
   135.000000000000       6.195550782817843E-004  0.000000000000000E+000
   136.000000000000       6.149995262355947E-004  0.000000000000000E+000
   137.000000000000       6.105104785988385E-004  0.000000000000000E+000
   138.000000000000       6.060864896234846E-004  0.000000000000000E+000
   139.000000000000       6.017261551657617E-004  0.000000000000000E+000
   140.000000000000       5.974281112002920E-004  0.000000000000000E+000
   141.000000000000       5.931910323974531E-004  0.000000000000000E+000
   142.000000000000       5.890136307608512E-004  0.000000000000000E+000
   143.000000000000       5.848946543219642E-004  0.000000000000000E+000
   144.000000000000       5.808328858891728E-004  0.000000000000000E+000
   145.000000000000       5.768271418485578E-004  0.000000000000000E+000
   146.000000000000       5.728762710139786E-004  0.000000000000000E+000
   147.000000000000       5.689791535240876E-004  0.000000000000000E+000
   148.000000000000       5.651346997840600E-004  0.000000000000000E+000
   149.000000000000       5.613418494499388E-004  0.000000000000000E+000
   150.000000000000       5.575995704536059E-004  0.000000000000000E+000
   151.000000000000       5.539068580664958E-004  0.000000000000000E+000
   152.000000000000       5.502627340002689E-004  0.000000000000000E+000
   153.000000000000       5.466662455427509E-004  0.000000000000000E+000
   154.000000000000       5.431164647275382E-004  0.000000000000000E+000
   155.000000000000       5.396124875357476E-004  0.000000000000000E+000
   156.000000000000       5.361534331284672E-004  0.000000000000000E+000
   157.000000000000       5.327384431085406E-004  0.000000000000000E+000
   158.000000000000       5.293666808103853E-004  0.000000000000000E+000
   159.000000000000       5.260373306166093E-004  0.000000000000000E+000
   160.000000000000       5.227495973002555E-004  0.000000000000000E+000
   161.000000000000       5.195027053915582E-004  0.000000000000000E+000
   162.000000000000       5.162958985681535E-004  0.000000000000000E+000
   163.000000000000       5.131284390677355E-004  0.000000000000000E+000
   164.000000000000       5.099996071222005E-004  0.000000000000000E+000
   165.000000000000       5.069087004123690E-004  0.000000000000000E+000
   166.000000000000       5.038550335424149E-004  0.000000000000000E+000
   167.000000000000       5.008379375331789E-004  0.000000000000000E+000
   168.000000000000       4.978567593335767E-004  0.000000000000000E+000
   169.000000000000       4.949108613493544E-004  0.000000000000000E+000
   170.000000000000       4.919996209884757E-004  0.000000000000000E+000
   171.000000000000       4.891224302224613E-004  0.000000000000000E+000
   172.000000000000       4.862786951630284E-004  0.000000000000000E+000
   173.000000000000       4.834678356534155E-004  0.000000000000000E+000
   174.000000000000       4.806892848737981E-004  0.000000000000000E+000
   175.000000000000       4.779424889602336E-004  0.000000000000000E+000
   176.000000000000       4.752269066365959E-004  0.000000000000000E+000
   177.000000000000       4.725420088589880E-004  0.000000000000000E+000
   178.000000000000       4.698872784721398E-004  0.000000000000000E+000
   179.000000000000       4.672622098773233E-004  0.000000000000000E+000
   180.000000000000       4.646663087113382E-004  0.000000000000000E+000
   181.000000000000       4.620990915361374E-004  0.000000000000000E+000
   182.000000000000       4.595600855386861E-004  0.000000000000000E+000
   183.000000000000       4.570488282406605E-004  0.000000000000000E+000
   184.000000000000       4.545648672176134E-004  0.000000000000000E+000
   185.000000000000       4.521077598272480E-004  0.000000000000000E+000
   186.000000000000       4.496770729464563E-004  0.000000000000000E+000
   187.000000000000       4.472723827167962E-004  0.000000000000000E+000
   188.000000000000       4.448932742980897E-004  0.000000000000000E+000
   189.000000000000       4.425393416298459E-004  0.000000000000000E+000
   190.000000000000       4.402101872002151E-004  0.000000000000000E+000
   191.000000000000       4.379054218222036E-004  0.000000000000000E+000
   192.000000000000       4.356246644168795E-004  0.000000000000000E+000
   193.000000000000       4.333675418033206E-004  0.000000000000000E+000
   194.000000000000       4.311336884950560E-004  0.000000000000000E+000
   195.000000000000       4.289227465027738E-004  0.000000000000000E+000
   196.000000000000       4.267343651430657E-004  0.000000000000000E+000
   197.000000000000       4.245682008529994E-004  0.000000000000000E+000
   198.000000000000       4.224239170103075E-004  0.000000000000000E+000
   199.000000000000       4.203011837589994E-004  0.000000000000000E+000
   200.000000000000       4.181996778402044E-004  0.000000000000000E+000
   201.000000000000       4.161190824280641E-004  0.000000000000000E+000
   202.000000000000       4.140590869704994E-004  0.000000000000000E+000
   203.000000000000       4.120193870346841E-004  0.000000000000000E+000
   204.000000000000       4.099996841570631E-004  0.000000000000000E+000
   205.000000000000       4.079996856977604E-004  0.000000000000000E+000
   206.000000000000       4.060191046992276E-004  0.000000000000000E+000
   207.000000000000       4.040576597489897E-004  0.000000000000000E+000
   208.000000000000       4.021150748463503E-004  0.000000000000000E+000
   209.000000000000       4.001910792729229E-004  0.000000000000000E+000
   210.000000000000       3.982854074668613E-004  0.000000000000000E+000
   211.000000000000       3.963977989006677E-004  0.000000000000000E+000
   212.000000000000       3.945279979624570E-004  0.000000000000000E+000
   213.000000000000       3.926757538405675E-004  0.000000000000000E+000
   214.000000000000       3.908408204114060E-004  0.000000000000000E+000
   215.000000000000       3.890229561304227E-004  0.000000000000000E+000
   216.000000000000       3.872219239261152E-004  0.000000000000000E+000
   217.000000000000       3.854374910969626E-004  0.000000000000000E+000
   218.000000000000       3.836694292111967E-004  0.000000000000000E+000
   219.000000000000       3.819175140093191E-004  0.000000000000000E+000
   220.000000000000       3.801815253092767E-004  0.000000000000000E+000
   221.000000000000       3.784612469142121E-004  0.000000000000000E+000
   222.000000000000       3.767564665227067E-004  0.000000000000000E+000
   223.000000000000       3.750669756414389E-004  0.000000000000000E+000
   224.000000000000       3.733925695001825E-004  0.000000000000000E+000
   225.000000000000       3.717330469690706E-004  0.000000000000000E+000
   226.000000000000       3.700882104780570E-004  0.000000000000000E+000
   227.000000000000       3.684578659385061E-004  0.000000000000000E+000
   228.000000000000       3.668418226668460E-004  0.000000000000000E+000
   229.000000000000       3.652398933102222E-004  0.000000000000000E+000
   230.000000000000       3.636518937740908E-004  0.000000000000000E+000
   231.000000000000       3.620776431516921E-004  0.000000000000000E+000
   232.000000000000       3.605169636553486E-004  0.000000000000000E+000
   233.000000000000       3.589696805495317E-004  0.000000000000000E+000
   234.000000000000       3.574356220856448E-004  0.000000000000000E+000
   235.000000000000       3.559146194384718E-004  0.000000000000000E+000
   236.000000000000       3.544065066442410E-004  0.000000000000000E+000
   237.000000000000       3.529111205402569E-004  0.000000000000000E+000
   238.000000000000       3.514283007060541E-004  0.000000000000000E+000
   239.000000000000       3.499578894060288E-004  0.000000000000000E+000
   240.000000000000       3.484997315335036E-004  0.000000000000000E+000
   241.000000000000       3.470536745561862E-004  0.000000000000000E+000
   242.000000000000       3.456195684629788E-004  0.000000000000000E+000
   243.000000000000       3.441972657121024E-004  0.000000000000000E+000
   244.000000000000       3.427866211804954E-004  0.000000000000000E+000
   245.000000000000       3.413874921144526E-004  0.000000000000000E+000
   246.000000000000       3.399997380814670E-004  0.000000000000000E+000
   247.000000000000       3.386232209232424E-004  0.000000000000000E+000
   248.000000000000       3.372578047098423E-004  0.000000000000000E+000
   249.000000000000       3.359033556949433E-004  0.000000000000000E+000
   250.000000000000       3.345597422721635E-004  0.000000000000000E+000
   251.000000000000       3.332268349324338E-004  0.000000000000000E+000
   252.000000000000       3.319045062223844E-004  0.000000000000000E+000
   253.000000000000       3.305926307037189E-004  0.000000000000000E+000
   254.000000000000       3.292910849135467E-004  0.000000000000000E+000
   255.000000000000       3.279997473256505E-004  0.000000000000000E+000
   256.000000000000       3.267184983126597E-004  0.000000000000000E+000
   257.000000000000       3.254472201091085E-004  0.000000000000000E+000
   258.000000000000       3.241857967753522E-004  0.000000000000000E+000
   259.000000000000       3.229341141623200E-004  0.000000000000000E+000
   260.000000000000       3.216920598770803E-004  0.000000000000000E+000
   261.000000000000       3.204595232491988E-004  0.000000000000000E+000
   262.000000000000       3.192363952978659E-004  0.000000000000000E+000
   263.000000000000       3.180225686997752E-004  0.000000000000000E+000
   264.000000000000       3.168179377577306E-004  0.000000000000000E+000
   265.000000000000       3.156223983699656E-004  0.000000000000000E+000
   266.000000000000       3.144358480001537E-004  0.000000000000000E+000
   267.000000000000       3.132581856480932E-004  0.000000000000000E+000
   268.000000000000       3.120893118210480E-004  0.000000000000000E+000
   269.000000000000       3.109291285057282E-004  0.000000000000000E+000
   270.000000000000       3.097775391408922E-004  0.000000000000000E+000
   271.000000000000       3.086344485905567E-004  0.000000000000000E+000
   272.000000000000       3.074997631177973E-004  0.000000000000000E+000
   273.000000000000       3.063733903591241E-004  0.000000000000000E+000
   274.000000000000       3.052552392994192E-004  0.000000000000000E+000
   275.000000000000       3.041452202474213E-004  0.000000000000000E+000
   276.000000000000       3.030432448117423E-004  0.000000000000000E+000
   277.000000000000       3.019492258774039E-004  0.000000000000000E+000
   278.000000000000       3.008630775828808E-004  0.000000000000000E+000
   279.000000000000       2.997847152976376E-004  0.000000000000000E+000
   280.000000000000       2.987140556001460E-004  0.000000000000000E+000
   281.000000000000       2.976510162563732E-004  0.000000000000000E+000
   282.000000000000       2.965955161987265E-004  0.000000000000000E+000
   283.000000000000       2.955474755054448E-004  0.000000000000000E+000
   284.000000000000       2.945068153804256E-004  0.000000000000000E+000
   285.000000000000       2.934734581334768E-004  0.000000000000000E+000
   286.000000000000       2.924473271609821E-004  0.000000000000000E+000
   287.000000000000       2.914283469269717E-004  0.000000000000000E+000
   288.000000000000       2.904164429445864E-004  0.000000000000000E+000
   289.000000000000       2.894115417579269E-004  0.000000000000000E+000
   290.000000000000       2.884135709242789E-004  0.000000000000000E+000
   291.000000000000       2.874224589967040E-004  0.000000000000000E+000
   292.000000000000       2.864381355069893E-004  0.000000000000000E+000
   293.000000000000       2.854605309489450E-004  0.000000000000000E+000
   294.000000000000       2.844895767620438E-004  0.000000000000000E+000
   295.000000000000       2.835252053153928E-004  0.000000000000000E+000
   296.000000000000       2.825673498920300E-004  0.000000000000000E+000
   297.000000000000       2.816159446735383E-004  0.000000000000000E+000
   298.000000000000       2.806709247249694E-004  0.000000000000000E+000
   299.000000000000       2.797322259800698E-004  0.000000000000000E+000
   300.000000000000       2.787997852268029E-004  0.000000000000000E+000
   301.000000000000       2.778735400931590E-004  0.000000000000000E+000
   302.000000000000       2.769534290332479E-004  0.000000000000000E+000
   303.000000000000       2.760393913136663E-004  0.000000000000000E+000
   304.000000000000       2.751313670001345E-004  0.000000000000000E+000
   305.000000000000       2.742292969443963E-004  0.000000000000000E+000
   306.000000000000       2.733331227713754E-004  0.000000000000000E+000
   307.000000000000       2.724427868665827E-004  0.000000000000000E+000
   308.000000000000       2.715582323637691E-004  0.000000000000000E+000
   309.000000000000       2.706794031328184E-004  0.000000000000000E+000
   310.000000000000       2.698062437678738E-004  0.000000000000000E+000
   311.000000000000       2.689386995756941E-004  0.000000000000000E+000
   312.000000000000       2.680767165642336E-004  0.000000000000000E+000
