  0.000000000000000E+000 -0.495459015305521       4.433197741043284E-017
  7.812500000000000E-003 -0.495843921091930      -6.517953881780667E-004
  1.562500000000000E-002 -0.497172074926101      -1.041905476728337E-003
  2.343750000000000E-002 -0.501036019094483      -1.768673868056376E-003
  3.125000000000000E-002 -0.510078737500583      -7.266751491900205E-003
  3.906250000000000E-002 -0.507073705619397      -2.082201821837521E-002
  4.687500000000000E-002 -0.501011754754041      -2.698752810184215E-002
  5.468750000000000E-002 -0.490752425992315      -3.165321417961275E-002
  6.250000000000000E-002 -0.492248041960671      -3.397207327550503E-002
  7.031250000000000E-002 -0.465993438827487      -2.805894323339084E-002
  7.812500000000000E-002 -0.475336700042328      -1.490836328283723E-002
  8.593750000000000E-002 -0.482889677116912      -1.293196886412724E-002
  9.375000000000000E-002 -0.488058326314003      -1.482575940436963E-002
  0.101562500000000      -0.489542007564422      -1.644233284474497E-002
  0.109375000000000      -0.491845812877413      -1.671605824606655E-002
  0.117187500000000      -0.494900493630345      -1.718279310644992E-002
  0.125000000000000      -0.500438541043176      -1.674506033035154E-002
  0.132812500000000      -0.507870425109277      -2.445250868862580E-002
  0.140625000000000      -0.508722141690926      -3.393131605415210E-002
  0.148437500000000      -0.504381742380139      -3.874746577487780E-002
  0.156250000000000      -0.501676849663333      -4.177746177983918E-002
  0.164062500000000      -0.496501109254740      -4.117953974269411E-002
  0.171875000000000      -0.496375978571746      -3.638593635636244E-002
  0.179687500000000      -0.502951070244704      -3.302325410366233E-002
  0.187500000000000      -0.508724320474308      -3.429636741956319E-002
  0.195312500000000      -0.516148847082283      -3.529105559593925E-002
  0.203125000000000      -0.524344013102833      -4.398428161474000E-002
  0.210937500000000      -0.527375585238321      -5.319855866491206E-002
  0.218750000000000      -0.527104758486070      -6.179883117038423E-002
  0.226562500000000      -0.526342474606808      -6.851697005807211E-002
  0.234375000000000      -0.524663432298295      -7.570349896825551E-002
  0.242187500000000      -0.518560322346287      -7.981297447423293E-002
  0.250000000000000      -0.515538946718443      -7.922764807002085E-002
  0.257812500000000      -0.516701872622114      -7.560879232277054E-002
  0.265625000000000      -0.525015561959906      -8.020686717237042E-002
  0.273437500000000      -0.527946784994777      -8.799608507224820E-002
  0.281250000000000      -0.527984124732498      -9.801132538190879E-002
  0.289062500000000      -0.522083358348940      -0.103265872960778     
  0.296875000000000      -0.518355950757766      -0.106095267596084     
  0.304687500000000      -0.514640054447215      -0.108659797809557     
  0.312500000000000      -0.509744362591402      -0.106605955851263     
  0.320312500000000      -0.509185565615900      -0.102229653370324     
  0.328125000000000      -0.512904189296523      -9.692190701425341E-002
  0.335937500000000      -0.522855844605787      -9.646703085085652E-002
  0.343750000000000      -0.529881766743742      -9.990167956807124E-002
  0.351562500000000      -0.536242728501433      -0.103848303401257     
  0.359375000000000      -0.542672058534813      -0.108018887554552     
  0.367187500000000      -0.550378537103478      -0.112385846062695     
  0.375000000000000      -0.560545209174744      -0.118141062686410     
  0.382812500000000      -0.574353744527781      -0.128689149168501     
  0.390625000000000      -0.581078853392042      -0.147259779384519     
  0.398437500000000      -0.586999711771743      -0.162698361540885     
  0.406250000000000      -0.594160703439443      -0.182147704606882     
  0.414062500000000      -0.597815326598609      -0.212288644582733     
  0.421875000000000      -0.585476034043490      -0.236798178486612     
  0.429687500000000      -0.574821688093882      -0.259369728407919     
  0.437500000000000      -0.559728076097423      -0.284523888178178     
  0.445312500000000      -0.529779024369044      -0.311301906299167     
  0.453125000000000      -0.495688686129337      -0.314735170427498     
  0.460937500000000      -0.467533227267795      -0.314098160418257     
  0.468750000000000      -0.440765587515302      -0.308881018856420     
  0.476562500000000      -0.415493140107040      -0.296145735163566     
  0.484375000000000      -0.401869286812708      -0.279075258113060     
  0.492187500000000      -0.391201500545822      -0.265067912324957     
  0.500000000000000      -0.382314249543591      -0.250812027955444     
  0.507812500000000      -0.375628960841920      -0.234741956980359     
  0.515625000000000      -0.376624987980196      -0.217363104227676     
  0.523437500000000      -0.379674606521593      -0.206203345974512     
  0.531250000000000      -0.382393152937625      -0.196505278168481     
  0.539062500000000      -0.385568497478658      -0.186882548807014     
  0.546875000000000      -0.391123974276072      -0.175838589721207     
  0.554687500000000      -0.400912429098965      -0.170195467139486     
  0.562500000000000      -0.408719047858486      -0.166746152308346     
  0.570312500000000      -0.416050514510308      -0.163945948582877     
  0.578125000000000      -0.423806642846655      -0.161334686836235     
  0.585937500000000      -0.434982927772230      -0.159884944145065     
  0.593750000000000      -0.443844119912601      -0.164091209425381     
  0.601562500000000      -0.450466710059770      -0.168218961133182     
  0.609375000000000      -0.456406768543300      -0.172259162997639     
  0.617187500000000      -0.462621504438900      -0.176584290278078     
  0.625000000000000      -0.469663838706056      -0.184577761821115     
  0.632812500000000      -0.470839677940936      -0.192933908909644     
  0.640625000000000      -0.470885548272408      -0.199300731488536     
  0.648437500000000      -0.470260245319218      -0.204272319423075     
  0.656250000000000      -0.469338915430825      -0.207569103585670     
  0.664062500000000      -0.469480799397069      -0.207837626768198     
  0.671875000000000      -0.474958785892389      -0.210770239748479     
  0.679687500000000      -0.478624996890401      -0.216615094927237     
  0.687500000000000      -0.480504327143488      -0.223851362847574     
  0.695312500000000      -0.479326895276657      -0.231308011822706     
  0.703125000000000      -0.475339852856103      -0.234721669660998     
  0.710937500000000      -0.475566287506264      -0.235068256763262     
  0.718750000000000      -0.478111460914849      -0.236539129017734     
  0.726562500000000      -0.481811909251369      -0.239663488083593     
  0.734375000000000      -0.485797897234138      -0.244371494052299     
  0.742187500000000      -0.489714630168606      -0.250476762303635     
  0.750000000000000      -0.493768052065002      -0.258101984666345     
  0.757812500000000      -0.495647868908514      -0.269820110674777     
  0.765625000000000      -0.493968360865576      -0.280036302956818     
  0.773437500000000      -0.491129922475196      -0.289684123935314     
  0.781250000000000      -0.486987910147489      -0.299056987559858     
  0.789062500000000      -0.481309637556686      -0.308174105635760     
  0.796875000000000      -0.473715003423989      -0.317265370090829     
  0.804687500000000      -0.460121379914086      -0.325516924639756     
  0.812500000000000      -0.444661464709591      -0.326380175945286     
  0.820312500000000      -0.429360029610391      -0.321627052267652     
  0.828125000000000      -0.415810246518996      -0.310188465656563     
  0.835937500000000      -0.407149102287415      -0.291228500108415     
  0.843750000000000      -0.408823610506260      -0.264770633023940     
  0.851562500000000      -0.437698304185393      -0.238906282188644     
  0.859375000000000      -0.462216109280695      -0.245071611231819     
  0.867187500000000      -0.478186804231665      -0.250905981378751     
  0.875000000000000      -0.492184232307878      -0.256941331566839     
  0.882812500000000      -0.506073262601169      -0.263838456904300     
  0.890625000000000      -0.520882835672240      -0.272703646920837     
  0.898437500000000      -0.537208959416570      -0.286023536046647     
  0.906250000000000      -0.546838102992902      -0.310650226380744     
  0.914062500000000      -0.546403945031069      -0.327361855936590     
  0.921875000000000      -0.546548763911593      -0.340393746595010     
  0.929687500000000      -0.547472034622725      -0.351828331586745     
  0.937500000000000      -0.549294379773718      -0.362603060640098     
  0.945312500000000      -0.552088852065495      -0.373364118360215     
  0.953125000000000      -0.555968964156902      -0.384700041672390     
  0.960937500000000      -0.561131302837085      -0.398356566278726     
  0.968750000000000      -0.564265836834872      -0.413845562068626     
  0.976562500000000      -0.566683833393760      -0.429905295871446     
  0.984375000000000      -0.568455412683995      -0.446933716468251     
  0.992187500000000      -0.569335103767500      -0.465148923062635     
   1.00000000000000      -0.568888290452749      -0.484637035367600     
   1.00781250000000      -0.566453207430625      -0.505263494279743     
   1.01562500000000      -0.560601698862657      -0.526221252670011     
   1.02343750000000      -0.554879284063268      -0.543021078982754     
   1.03125000000000      -0.550662406280510      -0.562063834181787     
   1.03906250000000      -0.545714707281907      -0.583187926307207     
   1.04687500000000      -0.539198439849535      -0.606518789623789     
   1.05468750000000      -0.530133944043632      -0.632261230230619     
   1.06250000000000      -0.517037077404926      -0.660576749480526     
   1.07031250000000      -0.497190404891081      -0.691333668335925     
   1.07812500000000      -0.460929351666554      -0.720151989536910     
   1.08593750000000      -0.427142568561834      -0.727404635045516     
   1.09375000000000      -0.399819214130204      -0.733449722791105     
   1.10156250000000      -0.374738685522889      -0.738851589520783     
   1.10937500000000      -0.350574560578718      -0.743692165473343     
   1.11718750000000      -0.326563627890454      -0.747857800097803     
   1.12500000000000      -0.302146450173372      -0.751043978516780     
   1.13281250000000      -0.276857744934368      -0.752633671659698     
   1.14062500000000      -0.250159011704610      -0.750973627023417     
   1.14843750000000      -0.227805730573949      -0.744581855991174     
   1.15625000000000      -0.207612828922186      -0.739391096873571     
   1.16406250000000      -0.187957523284069      -0.734206327736818     
   1.17187500000000      -0.168436566699835      -0.728474798098942     
   1.17968750000000      -0.148920384579613      -0.721666551045957     
   1.18750000000000      -0.129501421748842      -0.713176238358770     
   1.19531250000000      -0.110579130486070      -0.702221073723808     
   1.20312500000000      -9.324166145365587E-002 -0.687499665765898     
   1.21093750000000      -8.534735608167282E-002 -0.668598690510015     
   1.21875000000000      -8.062494487021399E-002 -0.659724458508407     
   1.22656250000000      -7.349854299639713E-002 -0.653071276594745     
   1.23437500000000      -6.483309378555342E-002 -0.647040007654356     
   1.24218750000000      -5.493535601857615E-002 -0.640848725245595     
   1.25000000000000      -4.401583319494387E-002 -0.633861988402593     
   1.25781250000000      -3.231212508713331E-002 -0.625406523887242     
   1.26562500000000      -2.018953408976809E-002 -0.614602392125142     
   1.27343750000000      -8.351046739846353E-003 -0.599864915236096     
   1.28125000000000      -4.086640161888292E-003 -0.577060703730391     
   1.28906250000000      -9.063698863624318E-003 -0.563304282322299     
   1.29687500000000      -1.360947075383892E-002 -0.554252449573084     
   1.30468750000000      -1.793560079646651E-002 -0.548111150889694     
   1.31250000000000      -2.215794437661851E-002 -0.544542678585318     
   1.32031250000000      -2.624656860869200E-002 -0.543910837413605     
   1.32812500000000      -2.965331104803454E-002 -0.547468656212471     
   1.33593750000000      -2.961088560517173E-002 -0.557982844681606     
   1.34375000000000      -1.315435373045569E-002 -0.577074069964911     
   1.35156250000000       3.661409245174718E-002 -0.557597478250001     
   1.35937500000000       2.093837269701452E-002 -0.527419308792148     
   1.36718750000000       1.454479964234700E-002 -0.520807700647492     
   1.37500000000000       1.196074249745501E-002 -0.517304613619419     
   1.38281250000000       1.132221852243235E-002 -0.514800223561815     
   1.39062500000000       1.182549015252170E-002 -0.512580839628118     
   1.39843750000000       1.298298609196257E-002 -0.510295888155152     
   1.40625000000000       1.439062664187959E-002 -0.507720701892524     
   1.41406250000000       1.558582872144356E-002 -0.504679358682872     
   1.42187500000000       1.581975364831835E-002 -0.501014981123676     
   1.42968750000000       1.259892534198719E-002 -0.496580612566520     
   1.43750000000000       7.744512216103787E-003 -0.500304959538825     
   1.44531250000000       6.818238363012197E-003 -0.505118306381866     
   1.45312500000000       7.648462717474940E-003 -0.510711790997817     
   1.46093750000000       1.003875696009738E-002 -0.517135292021831     
   1.46875000000000       1.414794807720023E-002 -0.524471510928792     
   1.47656250000000       2.043671232864053E-002 -0.532775613141120     
   1.48437500000000       2.976937057568946E-002 -0.541928310941723     
   1.49218750000000       4.357118975517472E-002 -0.551241667026734     
   1.50000000000000       6.379261663605527E-002 -0.558473568176163     
   1.50781250000000       9.174930464852317E-002 -0.557516685169045     
   1.51562500000000       0.111325941126658      -0.536561629544817     
   1.52343750000000       0.117803867550726      -0.523921454442037     
   1.53125000000000       0.123940729103003      -0.514791536630737     
   1.53906250000000       0.130133360163723      -0.507059095828907     
   1.54687500000000       0.136462133484845      -0.499932823342246     
   1.55468750000000       0.142921346144836      -0.492990824444686     
   1.56250000000000       0.149464525653624      -0.485961000035293     
   1.57031250000000       0.156013469967317      -0.478641289874011     
   1.57812500000000       0.162451696795627      -0.470860294064494     
   1.58593750000000       0.168596037028161      -0.462442929393812     
   1.59375000000000       0.174068317142185      -0.453106477040875     
   1.60156250000000       0.176884786096523      -0.443768401337303     
   1.60937500000000       0.180015866223560      -0.436496259664559     
   1.61718750000000       0.183709025732718      -0.429382341088378     
   1.62500000000000       0.187700463209936      -0.422106362897644     
   1.63281250000000       0.191837250741601      -0.414498623596654     
   1.64062500000000       0.195990197815961      -0.406435237171392     
   1.64843750000000       0.200028358438684      -0.397809769201050     
   1.65625000000000       0.203803310717140      -0.388518725206084     
   1.66406250000000       0.207130248702395      -0.378446488138335     
   1.67187500000000       0.209750148062503      -0.367434855976165     
   1.67968750000000       0.211211702240576      -0.355178251019667     
   1.68750000000000       0.209177507460702      -0.340347619658597     
   1.69531250000000       0.202632613214728      -0.331531895844977     
   1.70312500000000       0.198057438725058      -0.324882255893662     
   1.71093750000000       0.194337109189839      -0.319075872581139     
   1.71875000000000       0.191140909827380      -0.313758333460332     
   1.72656250000000       0.188286560268329      -0.308761320334587     
   1.73437500000000       0.185648373026781      -0.303991482986634     
   1.74218750000000       0.183126613507702      -0.299395790013870     
   1.75000000000000       0.180632770497083      -0.294948135062239     
   1.75781250000000       0.178078868631556      -0.290644899638720     
   1.76562500000000       0.175363167671237      -0.286507435793300     
   1.77343750000000       0.172332130442062      -0.282599301043111     
   1.78125000000000       0.168427939384698      -0.279200486523751     
   1.78906250000000       0.165331063222423      -0.277919194775803     
   1.79687500000000       0.163230367989776      -0.276500322206363     
   1.80468750000000       0.161591283955097      -0.275046225840557     
   1.81250000000000       0.160275119156963      -0.273568106809258     
   1.82031250000000       0.159207152993910      -0.272069173029053     
   1.82812500000000       0.158337841471065      -0.270551475654079     
   1.83593750000000       0.157630527091421      -0.269017988827919     
   1.84375000000000       0.157056325452931      -0.267473866084574     
   1.85156250000000       0.156591883155610      -0.265927833231617     
   1.85937500000000       0.156218923438833      -0.264394485372177     
   1.86718750000000       0.155926260363993      -0.262899353760508     
   1.87500000000000       0.155720967817036      -0.261495583580566     
   1.88281250000000       0.155831929450488      -0.260256098037026     
   1.89062500000000       0.156154421441980      -0.258733400193353     
   1.89843750000000       0.156505036102636      -0.257119588703499     
   1.90625000000000       0.156893905617707      -0.255444516100606     
   1.91406250000000       0.157315334326249      -0.253721785967278     
   1.92187500000000       0.157761744624365      -0.251962792159562     
   1.92968750000000       0.158225779852994      -0.250179783672820     
   1.93750000000000       0.158701119124418      -0.248387660854902     
   1.94531250000000       0.159183258481384      -0.246605944767175     
   1.95312500000000       0.159670788554417      -0.244861826383439     
   1.96093750000000       0.160168004735282      -0.243195983159442     
   1.96875000000000       0.160691346955802      -0.241676178740130     
   1.97656250000000       0.161291075308583      -0.240440815698959     
   1.98437500000000       0.162307447945244      -0.240106346336591     
   1.99218750000000       0.165219202560552      -0.238662143509449     
   2.00000000000000       0.167717532507100      -0.236309272259922     
   2.00781250000000       0.170026025178568      -0.233505309455736     
   2.01562500000000       0.172169570478535      -0.230345459697115     
   2.02343750000000       0.174144621757252      -0.226872272537526     
   2.03125000000000       0.175935709219798      -0.223109291308369     
   2.03906250000000       0.177519490145589      -0.219071257494740     
   2.04687500000000       0.178865431156159      -0.214768315964348     
   2.05468750000000       0.179934729620987      -0.210207980492908     
   2.06250000000000       0.180677268714843      -0.205395873432170     
   2.07031250000000       0.181024746005828      -0.200335178607493     
   2.07812500000000       0.180873411406400      -0.195023238872048     
   2.08593750000000       0.180025846256474      -0.189436732225921     
   2.09375000000000       0.177525781397739      -0.183437358865516     
   2.10156250000000       0.174224962374040      -0.180365982790895     
   2.10937500000000       0.171996166856751      -0.177657037017130     
   2.11718750000000       0.170138233773294      -0.175065106596142     
   2.12500000000000       0.168479999034172      -0.172533707205962     
   2.13281250000000       0.166936725501761      -0.170038101625813     
   2.14062500000000       0.165455595392635      -0.167565733073071     
   2.14843750000000       0.163998605084621      -0.165110207668263     
   2.15625000000000       0.162535110371943      -0.162668875496098     
   2.16406250000000       0.161037637944600      -0.160241764217065     
   2.17187500000000       0.159478699422835      -0.157831182770023     
   2.17968750000000       0.157827213012933      -0.155441811150272     
   2.18750000000000       0.156042506128743      -0.153081405069922     
   2.19531250000000       0.154059854752594      -0.150762862466615     
   2.20312500000000       0.151734543515468      -0.148511523308841     
   2.21093750000000       0.148537588791785      -0.147003423779966     
   2.21875000000000       0.146279871032395      -0.146575195215549     
   2.22656250000000       0.144539874210341      -0.146113349725681     
   2.23437500000000       0.143091515308262      -0.145623524527060     
   2.24218750000000       0.141851229295027      -0.145107403689157     
   2.25000000000000       0.140773387182393      -0.144566244985460     
   2.25781250000000       0.139828783823837      -0.144001509858786     
   2.26562500000000       0.138997118817857      -0.143415146541843     
   2.27343750000000       0.138263755542865      -0.142809831253373     
   2.28125000000000       0.137618259371215      -0.142189265064167     
   2.28906250000000       0.137053933457169      -0.141558612762244     
   2.29687500000000       0.136568220553310      -0.140925236398390     
   2.30468750000000       0.136164402535198      -0.140300086686283     
   2.31250000000000       0.135856393352603      -0.139700835905793     
   2.32031250000000       0.135684849073477      -0.139161293213958     
   2.32812500000000       0.135842767583166      -0.138797023525160     
   2.33593750000000       0.136560245716580      -0.137687205486540     
   2.34375000000000       0.136906406596800      -0.136286567347743     
   2.35156250000000       0.137115209729070      -0.134771686422421     
   2.35937500000000       0.137224500160709      -0.133167816837992     
   2.36718750000000       0.137246861298366      -0.131487839414780     
   2.37500000000000       0.137185829951286      -0.129740212407765     
   2.38281250000000       0.137040404675953      -0.127931353205159     
   2.39062500000000       0.136806679043394      -0.126066632902046     
   2.39843750000000       0.136478411947461      -0.124150877086189     
   2.40625000000000       0.136047028675768      -0.122188648162574     
   2.41406250000000       0.135501128117475      -0.120184408007446     
   2.42187500000000       0.134825290167358      -0.118142585229395     
   2.42968750000000       0.133997487725127      -0.116067500658969     
   2.43750000000000       0.132982912019683      -0.113962917722753     
   2.44531250000000       0.131715209678882      -0.111830056560508     
   2.45312500000000       0.129989200095752      -0.109652320046077     
   2.46093750000000       0.127554324019838      -0.108511887876136     
   2.46875000000000       0.125885300473017      -0.107850760390063     
   2.47656250000000       0.124498628676255      -0.107220835046611     
   2.48437500000000       0.123279301842595      -0.106603624364856     
   2.49218750000000       0.122176367882052      -0.105992565217445     
   2.50000000000000       0.121160742608392      -0.105384960864370     
   2.53125000000000       0.117668752628359      -0.102984620896848     
   2.56250000000000       0.114745746514850      -0.100712306259927     
   2.59375000000000       0.112709951865970      -9.885034095985271E-002
   2.62500000000000       0.111115130619718      -9.576033328829857E-002
   2.65625000000000       0.108747969058548      -9.256421939886747E-002
   2.68750000000000       0.105439602515359      -9.019518314869368E-002
   2.71875000000000       0.103592289757531      -9.281461962890454E-002
   2.75000000000000       0.106318158223567      -8.576613186696572E-002
   2.78125000000000       0.103486094141518      -8.198844799537948E-002
   2.81250000000000       0.100978735019538      -7.914111264349140E-002
   2.84375000000000       9.858820435468384E-002 -7.667445182662717E-002
   2.87500000000000       9.619209191191705E-002 -7.479274458922958E-002
   2.90625000000000       9.474296114479840E-002 -7.306327494161824E-002
   2.93750000000000       9.338037990808108E-002 -7.094571968051233E-002
   2.96875000000000       9.193219149764154E-002 -6.861731646945618E-002
   3.00000000000000       9.023172622772550E-002 -6.614130143014223E-002
   3.03125000000000       8.769128477730852E-002 -6.380208786472902E-002
   3.06250000000000       8.563257517346413E-002 -6.276690618017626E-002
   3.09375000000000       8.414617643336200E-002 -6.161318893658436E-002
   3.12500000000000       8.291161518909253E-002 -6.035478794432707E-002
   3.15625000000000       8.184545192374974E-002 -5.901354376618360E-002
   3.18750000000000       8.102782755452102E-002 -5.762149266741495E-002
   3.21875000000000       8.022613279264480E-002 -5.564822233238637E-002
   3.25000000000000       7.913819382231420E-002 -5.365238035059502E-002
   3.28125000000000       7.789549955820008E-002 -5.162671222453657E-002
   3.31250000000000       7.646809401285118E-002 -4.957187604499026E-002
   3.34375000000000       7.473838600755553E-002 -4.749306143154076E-002
   3.37500000000000       7.239733400899698E-002 -4.599961543741397E-002
   3.40625000000000       7.061910727005034E-002 -4.503001028218200E-002
   3.43750000000000       6.906998815953101E-002 -4.406486527070846E-002
   3.46875000000000       6.764136090438526E-002 -4.310280395024262E-002
   3.50000000000000       6.628954244780472E-002 -4.214708901676180E-002
   3.53125000000000       6.499443231237298E-002 -4.120797239582243E-002
   3.56250000000000       6.377387641177010E-002 -4.026084111048226E-002
   3.59375000000000       6.256472825674796E-002 -3.928859985454337E-002
   3.62500000000000       6.135203257883058E-002 -3.830926309997155E-002
   3.65625000000000       6.011909125518747E-002 -3.732882153202591E-002
   3.68750000000000       5.884102675031903E-002 -3.635349329985212E-002
   3.71875000000000       5.744774985065419E-002 -3.539435538033648E-002
   3.75000000000000       5.600134358420653E-002 -3.476254017043294E-002
   3.78125000000000       5.475559005761093E-002 -3.415872182055865E-002
   3.81250000000000       5.356564856798914E-002 -3.354468197327066E-002
   3.84375000000000       5.239237494008214E-002 -3.292329707090252E-002
   3.87500000000000       5.120192684697133E-002 -3.229717574880952E-002
   3.90625000000000       4.993240360060265E-002 -3.166905740562798E-002
   3.93750000000000       4.846980098450672E-002 -3.131633480934175E-002
   3.96875000000000       4.728961654823639E-002 -3.115654459008494E-002
   4.00000000000000       4.623665528171212E-002 -3.100151829655122E-002
   4.03125000000000       4.526652732628884E-002 -3.085185404133894E-002
   4.06250000000000       4.435978504779575E-002 -3.070953867161350E-002
   4.09375000000000       4.350427612546621E-002 -3.057874265070456E-002
   4.12500000000000       4.268616322315631E-002 -3.047794070146066E-002
   4.15625000000000       4.197746379552524E-002 -3.040672774922923E-002
   4.18750000000000       4.132663533604858E-002 -3.030676149907746E-002
   4.21875000000000       4.072115033199492E-002 -3.019393477725947E-002
   4.25000000000000       4.015793906506351E-002 -3.007248846048947E-002
   4.28125000000000       3.963794852132394E-002 -2.994488933447651E-002
   4.31250000000000       3.916932980019171E-002 -2.981292294217021E-002
   4.34375000000000       3.881136341657265E-002 -2.965930318415838E-002
   4.37500000000000       3.842576782916639E-002 -2.934364249610446E-002
   4.40625000000000       3.799033691825770E-002 -2.903159900192309E-002
   4.43750000000000       3.753866156632182E-002 -2.872134726446484E-002
   4.46875000000000       3.707755438542282E-002 -2.841318930130157E-002
   4.50000000000000       3.660833921642400E-002 -2.810805807142397E-002
   4.53125000000000       3.612867382912211E-002 -2.780774173735975E-002
   4.56250000000000       3.562626884443144E-002 -2.751723994956027E-002
   4.59375000000000       3.512496947011070E-002 -2.730285703936764E-002
   4.62500000000000       3.467747866428314E-002 -2.708825277199135E-002
   4.65625000000000       3.424781525941582E-002 -2.686852382050247E-002
   4.68750000000000       3.382921042047830E-002 -2.664642817683109E-002
   4.71875000000000       3.341821469603552E-002 -2.642401347334074E-002
   4.75000000000000       3.301250912569372E-002 -2.620355070521767E-002
   4.78125000000000       3.261033233898111E-002 -2.598872555490653E-002
   4.81250000000000       3.221674652940705E-002 -2.579397273747969E-002
   4.84375000000000       3.185675013256629E-002 -2.559058105530228E-002
   4.87500000000000       3.149966727440860E-002 -2.537329308824489E-002
   4.90625000000000       3.114113054844790E-002 -2.514814334620123E-002
   4.93750000000000       3.077748008790085E-002 -2.491755651583415E-002
   4.96875000000000       3.040421246881354E-002 -2.468316692806712E-002
   5.00000000000000       3.001428496468538E-002 -2.444636565754188E-002
   5.03125000000000       2.959267774726454E-002 -2.420855433545259E-002
   5.06250000000000       2.906159351521087E-002 -2.401074488217814E-002
   5.09375000000000       2.860919496355184E-002 -2.399051649634899E-002
   5.12500000000000       2.823763918609645E-002 -2.397082645593017E-002
   5.15625000000000       2.791185673361350E-002 -2.395189716300029E-002
   5.18750000000000       2.762284169702779E-002 -2.393455143299008E-002
   5.21875000000000       2.736835282219039E-002 -2.391998399665889E-002
   5.25000000000000       2.715091454494492E-002 -2.391003681555736E-002
   5.28125000000000       2.698066588923582E-002 -2.390812278473117E-002
   5.31250000000000       2.689751833344177E-002 -2.392439677930735E-002
   5.34375000000000       2.696446592399556E-002 -2.374918718185380E-002
   5.37500000000000       2.689392517124518E-002 -2.347250499275521E-002
   5.40625000000000       2.676663637097654E-002 -2.317866384821488E-002
   5.43750000000000       2.659792236173670E-002 -2.287281512492812E-002
   5.46875000000000       2.639130403467246E-002 -2.255745485102489E-002
   5.50000000000000       2.614476027394026E-002 -2.223406671077815E-002
   5.53125000000000       2.585048381775894E-002 -2.190343956632245E-002
   5.56250000000000       2.548862808088826E-002 -2.156528640791539E-002
   5.59375000000000       2.497311710808850E-002 -2.121324783221775E-002
   5.62500000000000       2.436944609824275E-002 -2.123551859965598E-002
   5.65625000000000       2.396990334030985E-002 -2.129995414460170E-002
   5.68750000000000       2.364740375126371E-002 -2.137118580246159E-002
   5.71875000000000       2.337944574188340E-002 -2.144735087421634E-002
   5.75000000000000       2.315760079061371E-002 -2.152799480580285E-002
   5.78125000000000       2.297966267504694E-002 -2.161331777969279E-002
   5.81250000000000       2.284853193780167E-002 -2.170412337036867E-002
   5.84375000000000       2.277523439755483E-002 -2.180225934214997E-002
   5.87500000000000       2.279898949446674E-002 -2.191320618935014E-002
   5.90625000000000       2.300061999311342E-002 -2.182710280661334E-002
   5.93750000000000       2.304229994300140E-002 -2.161159713040938E-002
   5.96875000000000       2.302220851356266E-002 -2.138679909811054E-002
   6.00000000000000       2.296406635828223E-002 -2.115615209318374E-002
   6.03125000000000       2.287624981259921E-002 -2.092115438611109E-002
   6.06250000000000       2.276177021363785E-002 -2.068265083992076E-002
   6.09375000000000       2.262035001302522E-002 -2.044114807325881E-002
   6.12500000000000       2.244814181990830E-002 -2.019687890849366E-002
   6.15625000000000       2.223412659175437E-002 -1.994962900658868E-002
   6.18750000000000       2.192954043311405E-002 -1.969678207484605E-002
   6.21875000000000       2.157356873507901E-002 -1.966016651669329E-002
   6.25000000000000       2.133494274198005E-002 -1.964672516624076E-002
   6.28125000000000       2.113826199580791E-002 -1.963603343700089E-002
   6.31250000000000       2.097009954158762E-002 -1.962736588574219E-002
   6.34375000000000       2.082503777113670E-002 -1.962055301438081E-002
   6.37500000000000       2.070086185723537E-002 -1.961567369720772E-002
   6.40625000000000       2.059742050770541E-002 -1.961301120064335E-002
   6.43750000000000       2.051677295494992E-002 -1.961313175083567E-002
   6.46875000000000       2.046507809676859E-002 -1.961720289649985E-002
   6.50000000000000       2.046400413343633E-002 -1.962873003353014E-002
   6.53125000000000       2.055210802106256E-002 -1.953306112699332E-002
   6.56250000000000       2.055712466757637E-002 -1.937478733418794E-002
   6.59375000000000       2.053005881201123E-002 -1.921070938966904E-002
   6.62500000000000       2.048248895855920E-002 -1.904297909159049E-002
   6.65625000000000       2.041857713405559E-002 -1.887258886714970E-002
   6.68750000000000       2.033986045848442E-002 -1.870013671465113E-002
   6.71875000000000       2.024633639024676E-002 -1.852602763106060E-002
   6.75000000000000       2.013655979808656E-002 -1.835054154403206E-002
   6.78125000000000       2.000692483352889E-002 -1.817383429513492E-002
   6.81250000000000       1.984869514769885E-002 -1.799581640783710E-002
   6.84375000000000       1.962144589428695E-002 -1.781471651439039E-002
   6.87500000000000       1.937485083682569E-002 -1.779800815493637E-002
   6.90625000000000       1.920958318367600E-002 -1.778935551322060E-002
   6.93750000000000       1.907498861068920E-002 -1.778203777671256E-002
   6.96875000000000       1.896147470663945E-002 -1.777567749172549E-002
   7.00000000000000       1.886494224244320E-002 -1.777019935733267E-002
   7.03125000000000       1.878345230509127E-002 -1.776565240900326E-002
   7.06250000000000       1.871631795826141E-002 -1.776217213606414E-002
   7.09375000000000       1.866390873228041E-002 -1.775998917782909E-002
   7.12500000000000       1.862795648674451E-002 -1.775948503114540E-002
   7.15625000000000       1.861293999291953E-002 -1.776137283577809E-002
   7.18750000000000       1.863391379753209E-002 -1.776763840839903E-002
   7.21875000000000       1.871570197546239E-002 -1.769939114383663E-002
   7.25000000000000       1.874087029244568E-002 -1.758989129961718E-002
   7.28125000000000       1.874602025186074E-002 -1.747761516164244E-002
   7.31250000000000       1.873959779034384E-002 -1.736371287838869E-002
   7.34375000000000       1.872495044382193E-002 -1.724871333567698E-002
   7.37500000000000       1.870373826740883E-002 -1.713294091509777E-002
   7.40625000000000       1.867679482336420E-002 -1.701662924909437E-002
   7.43750000000000       1.864441008199875E-002 -1.689996851131896E-002
   7.46875000000000       1.860637101160333E-002 -1.678313259689030E-002
   7.50000000000000       1.856176410018660E-002 -1.666630365576000E-002
   7.53125000000000       1.850814034290727E-002 -1.654971512547721E-002
   7.56250000000000       1.843563761587933E-002 -1.643385572336971E-002
   7.59375000000000       1.835145479231561E-002 -1.636722423724637E-002
   7.62500000000000       1.829848253592336E-002 -1.630669783812631E-002
   7.65625000000000       1.825682184610264E-002 -1.624563991509373E-002
   7.68750000000000       1.822305347417730E-002 -1.618421527804859E-002
   7.71875000000000       1.819585286291082E-002 -1.612252924634618E-002
   7.75000000000000       1.817469673038895E-002 -1.606066707393545E-002
   7.78125000000000       1.815952874438097E-002 -1.599870779058255E-002
   7.81250000000000       1.815068404609023E-002 -1.593673265620692E-002
   7.84375000000000       1.814896090626725E-002 -1.587483389082534E-002
   7.87500000000000       1.815589578642142E-002 -1.581312884179787E-002
   7.90625000000000       1.817459018968966E-002 -1.575179329154502E-002
   7.93750000000000       1.821326653093905E-002 -1.569118910842724E-002
   7.96875000000000       1.830181807129861E-002 -1.559257370190545E-002
   8.00000000000000       1.834713128303084E-002 -1.544262643465442E-002
   8.03125000000000       1.837038977782394E-002 -1.529172682718866E-002
   8.06250000000000       1.838100259387684E-002 -1.514024537729783E-002
   8.09375000000000       1.838230980749362E-002 -1.498834450616184E-002
   8.12500000000000       1.837595130745984E-002 -1.483612614742517E-002
   8.15625000000000       1.836280495361720E-002 -1.468366622868427E-002
   8.18750000000000       1.834330262406517E-002 -1.453102821826576E-002
   8.21875000000000       1.831754155005973E-002 -1.437827045372162E-002
   8.25000000000000       1.828528498058242E-002 -1.422545175753889E-002
   8.28125000000000       1.824583800326427E-002 -1.407263810666767E-002
   8.31250000000000       1.819762361663751E-002 -1.391991530907088E-002
   8.34375000000000       1.813636191771969E-002 -1.376743049719353E-002
   8.37500000000000       1.804549407058244E-002 -1.363573997052795E-002
   8.40625000000000       1.797792395545725E-002 -1.353427215305241E-002
   8.43750000000000       1.792157575013186E-002 -1.343242799277307E-002
   8.46875000000000       1.787055799764081E-002 -1.333033294283510E-002
   8.50000000000000       1.782276533966884E-002 -1.322804466983729E-002
   8.53125000000000       1.777708796512021E-002 -1.312560071448001E-002
   8.56250000000000       1.773282436585936E-002 -1.302302937659635E-002
   8.59375000000000       1.768947057873489E-002 -1.292035378805031E-002
   8.62500000000000       1.764661962310337E-002 -1.281759373167536E-002
   8.65625000000000       1.760389792661208E-002 -1.271476635946860E-002
   8.68750000000000       1.756090551994198E-002 -1.261188595299531E-002
   8.71875000000000       1.751712321317427E-002 -1.250896189697306E-002
   8.75000000000000       1.747167593666774E-002 -1.240599052055444E-002
   8.78125000000000       1.742213220233216E-002 -1.230290310115069E-002
   8.81250000000000       1.736537140784975E-002 -1.221214801148978E-002
   8.84375000000000       1.731944863369302E-002 -1.212735614597038E-002
   8.87500000000000       1.727804661818834E-002 -1.204272485326737E-002
   8.90625000000000       1.723972641654259E-002 -1.195820742216357E-002
   8.93750000000000       1.720390963693276E-002 -1.187379723557336E-002
   8.96875000000000       1.717031632300782E-002 -1.178950164168731E-002
   9.00000000000000       1.713882372931369E-002 -1.170533631235112E-002
   9.03125000000000       1.710942049244345E-002 -1.162132425867947E-002
   9.06250000000000       1.708219847019457E-002 -1.153749700241442E-002
   9.09375000000000       1.705737111051844E-002 -1.145389784078481E-002
   9.12500000000000       1.703532718189630E-002 -1.137058862718768E-002
   9.15625000000000       1.701675883444422E-002 -1.128766455608523E-002
   9.18750000000000       1.700300685839632E-002 -1.120529267815222E-002
   9.21875000000000       1.699740336504856E-002 -1.112385888666905E-002
   9.25000000000000       1.701670908538290E-002 -1.103172579014615E-002
   9.28125000000000       1.702039903159240E-002 -1.090804468930241E-002
   9.31250000000000       1.701152697936400E-002 -1.078292084085750E-002
   9.34375000000000       1.699556009504539E-002 -1.065698697859797E-002
   9.37500000000000       1.697423574296644E-002 -1.053046476197710E-002
   9.40625000000000       1.694835506715766E-002 -1.040347165715878E-002
   9.43750000000000       1.691831310391877E-002 -1.027608082765216E-002
   9.46875000000000       1.688427178177813E-002 -1.014834169907817E-002
   9.50000000000000       1.684622415550892E-002 -1.002028876353132E-002
   9.53125000000000       1.680400925121021E-002 -9.891945570957480E-003
   9.56250000000000       1.675729049564586E-002 -9.763326048665439E-003
   9.59375000000000       1.670548663049485E-002 -9.634433461288205E-003
   9.62500000000000       1.664760606148433E-002 -9.505255604436113E-003
   9.65625000000000       1.658180892035582E-002 -9.375750079174591E-003
   9.68750000000000       1.650379691027591E-002 -9.245786698943687E-003
   9.71875000000000       1.639073406539049E-002 -9.127254302365483E-003
   9.75000000000000       1.629618295492292E-002 -9.058207604069954E-003
   9.78125000000000       1.622017416582689E-002 -8.989827679735933E-003
   9.81250000000000       1.615304100781017E-002 -8.921752764862683E-003
   9.84375000000000       1.609185455602380E-002 -8.853879076572556E-003
   9.87500000000000       1.603517588132484E-002 -8.786159558342336E-003
   9.90625000000000       1.598216672837028E-002 -8.718570130340953E-003
   9.93750000000000       1.593229822866190E-002 -8.651098833213749E-003
   9.96875000000000       1.588522856809127E-002 -8.583741464688313E-003
   10.0000000000000       1.584074589557674E-002 -8.516499799008408E-003
   10.0312500000000       1.579874340346229E-002 -8.449381218458915E-003
   10.0625000000000       1.575921624418342E-002 -8.382399543552388E-003
   10.0937500000000       1.572228242262912E-002 -8.315577555080510E-003
   10.1250000000000       1.568824776805960E-002 -8.248953084751041E-003
   10.1562500000000       1.565779459641489E-002 -8.182595540771023E-003
   10.1875000000000       1.563274477621953E-002 -8.116671096495625E-003
   10.2187500000000       1.562179073246371E-002 -8.043892986764509E-003
   10.2500000000000       1.560229650655528E-002 -7.955233719833119E-003
   10.2812500000000       1.557713942441995E-002 -7.866030697463076E-003
   10.3125000000000       1.554910854664920E-002 -7.776532682699412E-003
   10.3437500000000       1.551913514698434E-002 -7.686828949439578E-003
   10.3750000000000       1.548767992838574E-002 -7.596967715694554E-003
   10.4062500000000       1.545500928409439E-002 -7.506980103260823E-003
   10.4375000000000       1.542129070590976E-002 -7.416888571678123E-003
   10.4687500000000       1.538663480534023E-002 -7.326710750651213E-003
   10.5000000000000       1.535111677165511E-002 -7.236461519890176E-003
   10.5312500000000       1.531478856197103E-002 -7.146154349125420E-003
   10.5625000000000       1.527768652721047E-002 -7.055802370769851E-003
   10.5937500000000       1.523983679844877E-002 -6.965419522168484E-003
   10.6250000000000       1.520126000268837E-002 -6.875022216232541E-003
   10.6562500000000       1.516197731365762E-002 -6.784632650145075E-003
   10.6875000000000       1.512202370909461E-002 -6.694287913625958E-003
   10.7187500000000       1.508151037839648E-002 -6.604086159633983E-003
   10.7500000000000       1.504104405071057E-002 -6.513508436420393E-003
   10.7812500000000       1.499945418839323E-002 -6.422193461373940E-003
   10.8125000000000       1.495679716997596E-002 -6.330662509141038E-003
   10.8437500000000       1.491309855340132E-002 -6.238977437478315E-003
   10.8750000000000       1.486833991489905E-002 -6.147167267186297E-003
   10.9062500000000       1.482248333474598E-002 -6.055249987165176E-003
   10.9375000000000       1.477547642832069E-002 -5.963238354906162E-003
   10.9687500000000       1.472725270012107E-002 -5.871142161977889E-003
   11.0000000000000       1.467772964250916E-002 -5.778969304197367E-003
   11.0312500000000       1.462680485202742E-002 -5.686726339496019E-003
   11.0625000000000       1.457434952246955E-002 -5.594418779646073E-003
   11.0937500000000       1.452019768625375E-002 -5.502051206722940E-003
   11.1250000000000       1.446412764520117E-002 -5.409627223760750E-003
   11.1562500000000       1.440582731583306E-002 -5.317149161517691E-003
   11.1875000000000       1.434482134607125E-002 -5.224617262445037E-003
   11.2187500000000       1.428028583222004E-002 -5.132027328371275E-003
   11.2500000000000       1.421037410149303E-002 -5.039361445783968E-003
   11.2812500000000       1.412565314727370E-002 -4.951829971658960E-003
   11.3125000000000       1.404874387206566E-002 -4.884609356229157E-003
   11.3437500000000       1.397905672751783E-002 -4.817483505997114E-003
   11.3750000000000       1.391253249049679E-002 -4.750392333932851E-003
   11.4062500000000       1.384789246297872E-002 -4.683319120132007E-003
   11.4375000000000       1.378446979246700E-002 -4.616256715801130E-003
   11.4687500000000       1.372183893966221E-002 -4.549201828636697E-003
   11.5000000000000       1.365969216072227E-002 -4.482153161612462E-003
   11.5312500000000       1.359778503069549E-002 -4.415110637450368E-003
   11.5625000000000       1.353590741201765E-002 -4.348075038853624E-003
   11.5937500000000       1.347386505142912E-002 -4.281047846970471E-003
   11.6250000000000       1.341146533118433E-002 -4.214031199217046E-003
   11.6562500000000       1.334850329360345E-002 -4.147027945406160E-003
   11.6875000000000       1.328474415111842E-002 -4.080041820816638E-003
   11.7187500000000       1.321989615189000E-002 -4.013077809934436E-003
   11.7500000000000       1.315355983863307E-002 -3.946142904388036E-003
   11.7812500000000       1.308511214878737E-002 -3.879247879661509E-003
   11.8125000000000       1.301335134609372E-002 -3.812412685122827E-003
   11.8437500000000       1.293422682118406E-002 -3.745699840843220E-003
   11.8750000000000       1.284922615455611E-002 -3.698365900992238E-003
   11.9062500000000       1.277662337077067E-002 -3.654241389452393E-003
   11.9375000000000       1.270815922357776E-002 -3.610034818961941E-003
   11.9687500000000       1.264225464049820E-002 -3.565772010206309E-003
   12.0000000000000       1.257817287121804E-002 -3.521465864268910E-003
   13.0000000000000       1.161062111189358E-002  0.000000000000000E+000
   14.0000000000000       1.078129103247261E-002  0.000000000000000E+000
   15.0000000000000       1.006253829697443E-002  0.000000000000000E+000
   16.0000000000000       9.433629653413531E-003  0.000000000000000E+000
   17.0000000000000       8.878710262036264E-003  0.000000000000000E+000
   18.0000000000000       8.385448580812027E-003  0.000000000000000E+000
   19.0000000000000       7.944109181821920E-003  0.000000000000000E+000
   20.0000000000000       7.546903722730825E-003  0.000000000000000E+000
   21.0000000000000       7.187527354981738E-003  0.000000000000000E+000
   22.0000000000000       6.860821566118932E-003  0.000000000000000E+000
   23.0000000000000       6.562524976287673E-003  0.000000000000000E+000
   24.0000000000000       6.289086435609020E-003  0.000000000000000E+000
   25.0000000000000       6.037522978184659E-003  0.000000000000000E+000
   26.0000000000000       5.805310555946788E-003  0.000000000000000E+000
   27.0000000000000       5.590299053874685E-003  0.000000000000000E+000
   28.0000000000000       5.390645516236303E-003  0.000000000000000E+000
   29.0000000000000       5.204761188090224E-003  0.000000000000000E+000
   30.0000000000000       5.031269148487216E-003  0.000000000000000E+000
   31.0000000000000       4.868970143697306E-003  0.000000000000000E+000
   32.0000000000000       4.716814826706765E-003  0.000000000000000E+000
   33.0000000000000       4.573881044079287E-003  0.000000000000000E+000
   34.0000000000000       4.439355131018132E-003  0.000000000000000E+000
   35.0000000000000       4.312516412989043E-003  0.000000000000000E+000
   36.0000000000000       4.192724290406014E-003  0.000000000000000E+000
   37.0000000000000       4.079407417692337E-003  0.000000000000000E+000
   38.0000000000000       3.972054590910960E-003  0.000000000000000E+000
   39.0000000000000       3.870207037297859E-003  0.000000000000000E+000
   40.0000000000000       3.773451861365412E-003  0.000000000000000E+000
   41.0000000000000       3.681416450112597E-003  0.000000000000000E+000
   42.0000000000000       3.593763677490869E-003  0.000000000000000E+000
   43.0000000000000       3.510187778014337E-003  0.000000000000000E+000
   44.0000000000000       3.430410783059466E-003  0.000000000000000E+000
   45.0000000000000       3.354179432324811E-003  0.000000000000000E+000
   46.0000000000000       3.281262488143837E-003  0.000000000000000E+000
   47.0000000000000       3.211448392651415E-003  0.000000000000000E+000
   48.0000000000000       3.144543217804510E-003  0.000000000000000E+000
   49.0000000000000       3.080368866420745E-003  0.000000000000000E+000
   50.0000000000000       3.018761489092330E-003  0.000000000000000E+000
   51.0000000000000       2.959570087345421E-003  0.000000000000000E+000
   52.0000000000000       2.902655277973394E-003  0.000000000000000E+000
   53.0000000000000       2.847888197256915E-003  0.000000000000000E+000
   54.0000000000000       2.795149526937343E-003  0.000000000000000E+000
   55.0000000000000       2.744328626447573E-003  0.000000000000000E+000
   56.0000000000000       2.695322758118152E-003  0.000000000000000E+000
   57.0000000000000       2.648036393940640E-003  0.000000000000000E+000
   58.0000000000000       2.602380594045112E-003  0.000000000000000E+000
   59.0000000000000       2.558272448383330E-003  0.000000000000000E+000
   60.0000000000000       2.515634574243608E-003  0.000000000000000E+000
   61.0000000000000       2.474394663190434E-003  0.000000000000000E+000
   62.0000000000000       2.434485071848653E-003  0.000000000000000E+000
   63.0000000000000       2.395842451660579E-003  0.000000000000000E+000
   64.0000000000000       2.358407413353383E-003  0.000000000000000E+000
   65.0000000000000       2.322124222378715E-003  0.000000000000000E+000
   66.0000000000000       2.286940522039644E-003  0.000000000000000E+000
   67.0000000000000       2.252807081412186E-003  0.000000000000000E+000
   68.0000000000000       2.219677565509066E-003  0.000000000000000E+000
   69.0000000000000       2.187508325429224E-003  0.000000000000000E+000
   70.0000000000000       2.156258206494521E-003  0.000000000000000E+000
   71.0000000000000       2.125888372600232E-003  0.000000000000000E+000
   72.0000000000000       2.096362145203007E-003  0.000000000000000E+000
   73.0000000000000       2.067644855542692E-003  0.000000000000000E+000
   74.0000000000000       2.039703708846169E-003  0.000000000000000E+000
   75.0000000000000       2.012507659394887E-003  0.000000000000000E+000
   76.0000000000000       1.986027295455480E-003  0.000000000000000E+000
   77.0000000000000       1.960234733176837E-003  0.000000000000000E+000
   78.0000000000000       1.935103518648929E-003  0.000000000000000E+000
   79.0000000000000       1.910608537400209E-003  0.000000000000000E+000
   80.0000000000000       1.886725930682706E-003  0.000000000000000E+000
   81.0000000000000       1.863433017958228E-003  0.000000000000000E+000
   82.0000000000000       1.840708225056299E-003  0.000000000000000E+000
   83.0000000000000       1.818531017525500E-003  0.000000000000000E+000
   84.0000000000000       1.796881838745434E-003  0.000000000000000E+000
   85.0000000000000       1.775742052407253E-003  0.000000000000000E+000
   86.0000000000000       1.755093889007169E-003  0.000000000000000E+000
   87.0000000000000       1.734920396030075E-003  0.000000000000000E+000
   88.0000000000000       1.715205391529733E-003  0.000000000000000E+000
   89.0000000000000       1.695933420838388E-003  0.000000000000000E+000
   90.0000000000000       1.677089716162406E-003  0.000000000000000E+000
   91.0000000000000       1.658660158841939E-003  0.000000000000000E+000
   92.0000000000000       1.640631244071918E-003  0.000000000000000E+000
   93.0000000000000       1.622990047899102E-003  0.000000000000000E+000
   94.0000000000000       1.605724196325707E-003  0.000000000000000E+000
   95.0000000000000       1.588821836364384E-003  0.000000000000000E+000
   96.0000000000000       1.572271608902255E-003  0.000000000000000E+000
   97.0000000000000       1.556062623243469E-003  0.000000000000000E+000
   98.0000000000000       1.540184433210372E-003  0.000000000000000E+000
   99.0000000000000       1.524627014693096E-003  0.000000000000000E+000
   100.000000000000       1.509380744546165E-003  0.000000000000000E+000
   101.000000000000       1.494436380738777E-003  0.000000000000000E+000
   102.000000000000       1.479785043672711E-003  0.000000000000000E+000
   103.000000000000       1.465418198588510E-003  0.000000000000000E+000
   104.000000000000       1.451327638986697E-003  0.000000000000000E+000
   105.000000000000       1.437505470996348E-003  0.000000000000000E+000
   106.000000000000       1.423944098628458E-003  0.000000000000000E+000
   107.000000000000       1.410636209856229E-003  0.000000000000000E+000
   108.000000000000       1.397574763468671E-003  0.000000000000000E+000
   109.000000000000       1.384752976647858E-003  0.000000000000000E+000
   110.000000000000       1.372164313223786E-003  0.000000000000000E+000
   111.000000000000       1.359802472564112E-003  0.000000000000000E+000
   112.000000000000       1.347661379059076E-003  0.000000000000000E+000
   113.000000000000       1.335735172164748E-003  0.000000000000000E+000
   114.000000000000       1.324018196970320E-003  0.000000000000000E+000
   115.000000000000       1.312504995257535E-003  0.000000000000000E+000
   116.000000000000       1.301190297022556E-003  0.000000000000000E+000
   117.000000000000       1.290069012432620E-003  0.000000000000000E+000
   118.000000000000       1.279136224191665E-003  0.000000000000000E+000
   119.000000000000       1.268387180290895E-003  0.000000000000000E+000
   120.000000000000       1.257817287121804E-003  0.000000000000000E+000
   121.000000000000       1.247422102930715E-003  0.000000000000000E+000
   122.000000000000       1.237197331595217E-003  0.000000000000000E+000
   123.000000000000       1.227138816704199E-003  0.000000000000000E+000
   124.000000000000       1.217242535924327E-003  0.000000000000000E+000
   125.000000000000       1.207504595636932E-003  0.000000000000000E+000
   126.000000000000       1.197921225830290E-003  0.000000000000000E+000
   127.000000000000       1.188488775233201E-003  0.000000000000000E+000
   128.000000000000       1.179203706676691E-003  0.000000000000000E+000
   129.000000000000       1.170062592671446E-003  0.000000000000000E+000
   130.000000000000       1.161062111189358E-003  0.000000000000000E+000
   131.000000000000       1.152199041638294E-003  0.000000000000000E+000
   132.000000000000       1.143470261019822E-003  0.000000000000000E+000
   133.000000000000       1.134872740260274E-003  0.000000000000000E+000
   134.000000000000       1.126403540706093E-003  0.000000000000000E+000
   135.000000000000       1.118059810774937E-003  0.000000000000000E+000
   136.000000000000       1.109838782754533E-003  0.000000000000000E+000
   137.000000000000       1.101737769741726E-003  0.000000000000000E+000
   138.000000000000       1.093754162714612E-003  0.000000000000000E+000
   139.000000000000       1.085885427731054E-003  0.000000000000000E+000
   140.000000000000       1.078129103247261E-003  0.000000000000000E+000
   141.000000000000       1.070482797550472E-003  0.000000000000000E+000
   142.000000000000       1.062944186300116E-003  0.000000000000000E+000
   143.000000000000       1.055511010172143E-003  0.000000000000000E+000
   144.000000000000       1.048181072601503E-003  0.000000000000000E+000
   145.000000000000       1.040952237618045E-003  0.000000000000000E+000
   146.000000000000       1.033822427771346E-003  0.000000000000000E+000
   147.000000000000       1.026789622140248E-003  0.000000000000000E+000
   148.000000000000       1.019851854423084E-003  0.000000000000000E+000
   149.000000000000       1.013007211104809E-003  0.000000000000000E+000
   150.000000000000       1.006253829697443E-003  0.000000000000000E+000
   151.000000000000       9.995898970504404E-004  0.000000000000000E+000
   152.000000000000       9.930136477277400E-004  0.000000000000000E+000
   153.000000000000       9.865233624484738E-004  0.000000000000000E+000
   154.000000000000       9.801173665884187E-004  0.000000000000000E+000
   155.000000000000       9.737940287394613E-004  0.000000000000000E+000
   156.000000000000       9.675517593244647E-004  0.000000000000000E+000
   157.000000000000       9.613890092650732E-004  0.000000000000000E+000
   158.000000000000       9.553042687001044E-004  0.000000000000000E+000
   159.000000000000       9.492960657523049E-004  0.000000000000000E+000
   160.000000000000       9.433629653413531E-004  0.000000000000000E+000
   161.000000000000       9.375035680410962E-004  0.000000000000000E+000
   162.000000000000       9.317165089791141E-004  0.000000000000000E+000
   163.000000000000       9.260004567767882E-004  0.000000000000000E+000
   164.000000000000       9.203541125281493E-004  0.000000000000000E+000
   165.000000000000       9.147762088158575E-004  0.000000000000000E+000
   166.000000000000       9.092655087627499E-004  0.000000000000000E+000
   167.000000000000       9.038208051174640E-004  0.000000000000000E+000
   168.000000000000       8.984409193727172E-004  0.000000000000000E+000
   169.000000000000       8.931247009148905E-004  0.000000000000000E+000
   170.000000000000       8.878710262036264E-004  0.000000000000000E+000
   171.000000000000       8.826787979802134E-004  0.000000000000000E+000
   172.000000000000       8.775469445035843E-004  0.000000000000000E+000
   173.000000000000       8.724744188128120E-004  0.000000000000000E+000
   174.000000000000       8.674601980150373E-004  0.000000000000000E+000
   175.000000000000       8.625032825978085E-004  0.000000000000000E+000
   176.000000000000       8.576026957648665E-004  0.000000000000000E+000
   177.000000000000       8.527574827944434E-004  0.000000000000000E+000
   178.000000000000       8.479667104191938E-004  0.000000000000000E+000
   179.000000000000       8.432294662269078E-004  0.000000000000000E+000
   180.000000000000       8.385448580812028E-004  0.000000000000000E+000
   181.000000000000       8.339120135614171E-004  0.000000000000000E+000
   182.000000000000       8.293300794209697E-004  0.000000000000000E+000
   183.000000000000       8.247982210634780E-004  0.000000000000000E+000
   184.000000000000       8.203156220359592E-004  0.000000000000000E+000
   185.000000000000       8.158814835384675E-004  0.000000000000000E+000
   186.000000000000       8.114950239495510E-004  0.000000000000000E+000
   187.000000000000       8.071554783669331E-004  0.000000000000000E+000
   188.000000000000       8.028620981628537E-004  0.000000000000000E+000
   189.000000000000       7.986141505535264E-004  0.000000000000000E+000
   190.000000000000       7.944109181821920E-004  0.000000000000000E+000
   191.000000000000       7.902516987152696E-004  0.000000000000000E+000
   192.000000000000       7.861358044511275E-004  0.000000000000000E+000
   193.000000000000       7.820625619410181E-004  0.000000000000000E+000
   194.000000000000       7.780313116217345E-004  0.000000000000000E+000
   195.000000000000       7.740414074595718E-004  0.000000000000000E+000
   196.000000000000       7.700922166051862E-004  0.000000000000000E+000
   197.000000000000       7.661831190589669E-004  0.000000000000000E+000
   198.000000000000       7.623135073465479E-004  0.000000000000000E+000
   199.000000000000       7.584827862041030E-004  0.000000000000000E+000
   200.000000000000       7.546903722730824E-004  0.000000000000000E+000
   201.000000000000       7.509356938040622E-004  0.000000000000000E+000
   202.000000000000       7.472181903693886E-004  0.000000000000000E+000
   203.000000000000       7.435373125843176E-004  0.000000000000000E+000
   204.000000000000       7.398925218363553E-004  0.000000000000000E+000
   205.000000000000       7.362832900225195E-004  0.000000000000000E+000
   206.000000000000       7.327090992942548E-004  0.000000000000000E+000
   207.000000000000       7.291694418097415E-004  0.000000000000000E+000
   208.000000000000       7.256638194933485E-004  0.000000000000000E+000
   209.000000000000       7.221917438019927E-004  0.000000000000000E+000
   210.000000000000       7.187527354981738E-004  0.000000000000000E+000
   211.000000000000       7.153463244294620E-004  0.000000000000000E+000
   212.000000000000       7.119720493142288E-004  0.000000000000000E+000
   213.000000000000       7.086294575334108E-004  0.000000000000000E+000
   214.000000000000       7.053181049281144E-004  0.000000000000000E+000
   215.000000000000       7.020375556028674E-004  0.000000000000000E+000
   216.000000000000       6.987873817343356E-004  0.000000000000000E+000
   217.000000000000       6.955671633853295E-004  0.000000000000000E+000
   218.000000000000       6.923764883239289E-004  0.000000000000000E+000
   219.000000000000       6.892149518475638E-004  0.000000000000000E+000
   220.000000000000       6.860821566118931E-004  0.000000000000000E+000
   221.000000000000       6.829777124643280E-004  0.000000000000000E+000
   222.000000000000       6.799012362820562E-004  0.000000000000000E+000
   223.000000000000       6.768523518144238E-004  0.000000000000000E+000
   224.000000000000       6.738306895295379E-004  0.000000000000000E+000
   225.000000000000       6.708358864649621E-004  0.000000000000000E+000
   226.000000000000       6.678675860823739E-004  0.000000000000000E+000
   227.000000000000       6.649254381260639E-004  0.000000000000000E+000
   228.000000000000       6.620090984851600E-004  0.000000000000000E+000
   229.000000000000       6.591182290594606E-004  0.000000000000000E+000
   230.000000000000       6.562524976287674E-004  0.000000000000000E+000
   231.000000000000       6.534115777256125E-004  0.000000000000000E+000
   232.000000000000       6.505951485112779E-004  0.000000000000000E+000
   233.000000000000       6.478028946550064E-004  0.000000000000000E+000
   234.000000000000       6.450345062163098E-004  0.000000000000000E+000
   235.000000000000       6.422896785302829E-004  0.000000000000000E+000
   236.000000000000       6.395681120958326E-004  0.000000000000000E+000
   237.000000000000       6.368695124667362E-004  0.000000000000000E+000
   238.000000000000       6.341935901454474E-004  0.000000000000000E+000
   239.000000000000       6.315400604795669E-004  0.000000000000000E+000
   240.000000000000       6.289086435609020E-004  0.000000000000000E+000
   241.000000000000       6.262990641270394E-004  0.000000000000000E+000
   242.000000000000       6.237110514653574E-004  0.000000000000000E+000
   243.000000000000       6.211443393194094E-004  0.000000000000000E+000
   244.000000000000       6.185986657976086E-004  0.000000000000000E+000
   245.000000000000       6.160737732841489E-004  0.000000000000000E+000
   246.000000000000       6.135694083520995E-004  0.000000000000000E+000
   247.000000000000       6.110853216786092E-004  0.000000000000000E+000
   248.000000000000       6.086212679621633E-004  0.000000000000000E+000
   249.000000000000       6.061770058418333E-004  0.000000000000000E+000
   250.000000000000       6.037522978184660E-004  0.000000000000000E+000
   251.000000000000       6.013469101777549E-004  0.000000000000000E+000
   252.000000000000       5.989606129151448E-004  0.000000000000000E+000
   253.000000000000       5.965931796625157E-004  0.000000000000000E+000
   254.000000000000       5.942443876166003E-004  0.000000000000000E+000
   255.000000000000       5.919140174690843E-004  0.000000000000000E+000
   256.000000000000       5.896018533383457E-004  0.000000000000000E+000
   257.000000000000       5.873076827027879E-004  0.000000000000000E+000
   258.000000000000       5.850312963357228E-004  0.000000000000000E+000
   259.000000000000       5.827724882417625E-004  0.000000000000000E+000
   260.000000000000       5.805310555946788E-004  0.000000000000000E+000
   261.000000000000       5.783067986766915E-004  0.000000000000000E+000
   262.000000000000       5.760995208191469E-004  0.000000000000000E+000
   263.000000000000       5.739090283445494E-004  0.000000000000000E+000
   264.000000000000       5.717351305099109E-004  0.000000000000000E+000
   265.000000000000       5.695776394513829E-004  0.000000000000000E+000
   266.000000000000       5.674363701301372E-004  0.000000000000000E+000
   267.000000000000       5.653111402794625E-004  0.000000000000000E+000
   268.000000000000       5.632017703530466E-004  0.000000000000000E+000
   269.000000000000       5.611080834744107E-004  0.000000000000000E+000
   270.000000000000       5.590299053874685E-004  0.000000000000000E+000
   271.000000000000       5.569670644081789E-004  0.000000000000000E+000
   272.000000000000       5.549193913772665E-004  0.000000000000000E+000
   273.000000000000       5.528867196139798E-004  0.000000000000000E+000
   274.000000000000       5.508688848708631E-004  0.000000000000000E+000
   275.000000000000       5.488657252895145E-004  0.000000000000000E+000
   276.000000000000       5.468770813573061E-004  0.000000000000000E+000
   277.000000000000       5.449027958650415E-004  0.000000000000000E+000
   278.000000000000       5.429427138655269E-004  0.000000000000000E+000
   279.000000000000       5.409966826330341E-004  0.000000000000000E+000
   280.000000000000       5.390645516236304E-004  0.000000000000000E+000
   281.000000000000       5.371461724363576E-004  0.000000000000000E+000
   282.000000000000       5.352413987752358E-004  0.000000000000000E+000
   283.000000000000       5.333500864120724E-004  0.000000000000000E+000
   284.000000000000       5.314720931500580E-004  0.000000000000000E+000
   285.000000000000       5.296072787881281E-004  0.000000000000000E+000
   286.000000000000       5.277555050860717E-004  0.000000000000000E+000
   287.000000000000       5.259166357303711E-004  0.000000000000000E+000
   288.000000000000       5.240905363007517E-004  0.000000000000000E+000
   289.000000000000       5.222770742374273E-004  0.000000000000000E+000
   290.000000000000       5.204761188090224E-004  0.000000000000000E+000
   291.000000000000       5.186875410811563E-004  0.000000000000000E+000
   292.000000000000       5.169112138856730E-004  0.000000000000000E+000
   293.000000000000       5.151470117905000E-004  0.000000000000000E+000
   294.000000000000       5.133948110701241E-004  0.000000000000000E+000
   295.000000000000       5.116544896766660E-004  0.000000000000000E+000
   296.000000000000       5.099259272115422E-004  0.000000000000000E+000
   297.000000000000       5.082090048976986E-004  0.000000000000000E+000
   298.000000000000       5.065036055524043E-004  0.000000000000000E+000
   299.000000000000       5.048096135605903E-004  0.000000000000000E+000
   300.000000000000       5.031269148487216E-004  0.000000000000000E+000
   301.000000000000       5.014553968591910E-004  0.000000000000000E+000
   302.000000000000       4.997949485252202E-004  0.000000000000000E+000
   303.000000000000       4.981454602462590E-004  0.000000000000000E+000
   304.000000000000       4.965068238638700E-004  0.000000000000000E+000
   305.000000000000       4.948789326380868E-004  0.000000000000000E+000
   306.000000000000       4.932616812242369E-004  0.000000000000000E+000
   307.000000000000       4.916549656502166E-004  0.000000000000000E+000
   308.000000000000       4.900586832942093E-004  0.000000000000000E+000
   309.000000000000       4.884727328628365E-004  0.000000000000000E+000
   310.000000000000       4.868970143697306E-004  0.000000000000000E+000
   311.000000000000       4.853314291145225E-004  0.000000000000000E+000
   312.000000000000       4.837758796622324E-004  0.000000000000000E+000
